452, 223
281, 266
281, 266
281, 266
281, 266
281, 266
281, 266
281, 266
281, 266
281, 266
281, 266
281, 266
281, 266
281, 266
281, 266
281, 266
281, 266
281, 266
281, 266
281, 266
281, 266
281, 266
281, 266
281, 266
280, 266
279, 266
278, 266
277, 264
277, 261
277, 231
277, 218
280, 183
285, 162
290, 149
292, 143
297, 137
298, 135
299, 134
302, 129
306, 122
309, 116
310, 115
310, 115
308, 115
283, 117
270, 116
220, 107
177, 98
132, 83
123, 79
102, 71
86, 66
80, 64
77, 62
76, 61
76, 60
77, 60
77, 60
77, 60
77, 60
77, 60
75, 61
72, 61
64, 61
59, 61
52, 60
50, 59
47, 59
47, 59
47, 59
47, 59
49, 61
49, 61
49, 61
49, 61
49, 61
49, 61
49, 61
49, 61
49, 61
49, 61
49, 61
49, 61
49, 60
50, 59
83, 38
98, 31
124, 21
129, 19
131, 19
131, 19
131, 20
131, 22
126, 36
120, 44
97, 68
81, 85
75, 92
65, 104
47, 127
35, 142
33, 146
31, 148
31, 148
31, 148
31, 148
31, 148
30, 149
30, 149
30, 148
30, 147
30, 144
32, 140
33, 136
51, 112
99, 77
139, 59
185, 50
222, 48
267, 61
279, 71
308, 101
319, 120
325, 144
326, 165
326, 208
326, 230
326, 269
326, 291
325, 337
325, 361
325, 370
325, 374
325, 374
325, 375
325, 375
325, 375
325, 375
325, 375
325, 375
325, 375
325, 375
325, 374
325, 374
325, 372
325, 370
325, 366
326, 359
327, 354
327, 346
327, 343
326, 335
325, 332
321, 313
319, 292
317, 253
317, 241
319, 213
323, 193
325, 187
326, 184
326, 184
326, 184
326, 184
326, 184
326, 184
326, 184
326, 184
326, 184
326, 184
326, 184
326, 184
326, 184
326, 184
326, 184
326, 184
326, 184
326, 184
326, 184
326, 184
326, 184
326, 184
326, 184
326, 184
326, 184
326, 184
326, 184
326, 184
326, 184
326, 184
326, 184
326, 184
326, 184
326, 184
326, 184
326, 184
326, 184
326, 184
326, 184
326, 184
326, 184
326, 184
326, 183
343, 158
355, 142
368, 125
369, 124
370, 123
371, 123
371, 122
373, 121
378, 116
395, 98
416, 72
428, 55
441, 38
447, 31
451, 26
451, 25
451, 24
451, 24
452, 24
452, 24
459, 35
483, 93
491, 119
511, 201
520, 245
537, 328
547, 378
558, 421
565, 453
570, 472
578, 496
580, 501
580, 503
580, 503
580, 503
580, 503
580, 503
580, 503
580, 503
580, 503
580, 503
580, 503
580, 503
580, 503
580, 503
580, 503
580, 503
580, 503
580, 503
580, 503
580, 503
580, 503
580, 503
580, 503
580, 503
580, 503
580, 503
580, 503
580, 503
580, 503
580, 503
580, 503
580, 503
580, 503
580, 503
580, 503
580, 503
580, 503
580, 503
580, 503
580, 503
580, 503
580, 503
580, 503
580, 503
580, 503
580, 503
580, 503
580, 503
580, 503
580, 503
580, 503
580, 503
580, 503
580, 503
580, 503
580, 503
580, 503
580, 503
580, 503
580, 503
580, 503
580, 503
580, 503
580, 503
580, 503
580, 503
580, 503
580, 503
580, 503
580, 503
580, 503
580, 503
580, 503
580, 503
580, 503
580, 503
580, 503
580, 503
580, 503
580, 503
580, 503
580, 503
580, 503
580, 503
579, 503
576, 502
568, 496
555, 478
543, 457
510, 393
495, 363
471, 318
458, 292
432, 241
410, 193
400, 169
395, 156
395, 153
395, 153
395, 153
395, 153
395, 153
395, 153
395, 153
395, 153
395, 153
395, 153
395, 153
395, 153
395, 153
395, 153
395, 153
395, 153
395, 153
395, 153
394, 153
393, 153
381, 149
360, 139
317, 117
284, 96
244, 71
223, 56
219, 53
215, 48
214, 48
214, 47
214, 46
213, 46
213, 45
213, 44
213, 44
214, 44
214, 44
221, 43
239, 44
287, 59
302, 65
338, 80
358, 87
389, 106
407, 134
415, 154
432, 203
437, 221
456, 271
467, 296
493, 354
501, 370
524, 414
540, 443
551, 461
558, 472
563, 479
564, 480
564, 480
563, 479
563, 479
561, 477
560, 476
559, 470
557, 463
549, 442
541, 429
517, 393
506, 378
483, 347
473, 328
457, 286
445, 257
442, 249
437, 241
437, 240
435, 237
434, 236
434, 236
434, 236
434, 236
434, 236
434, 236
434, 236
434, 236
434, 236
434, 236
434, 236
434, 236
434, 236
434, 236
434, 236
434, 236
434, 236
434, 236
434, 236
434, 236
434, 236
434, 236
434, 236
434, 236
434, 236
434, 236
434, 236
434, 236
434, 236
434, 236
434, 236
434, 236
434, 236
432, 236
431, 234
429, 232
427, 230
419, 223
414, 217
392, 193
371, 169
339, 130
328, 109
310, 76
305, 71
304, 70
304, 69
304, 69
305, 68
305, 68
322, 59
343, 47
403, 15
423, 6
443, 1
446, 1
448, 1
449, 1
449, 1
449, 1
449, 1
449, 1
449, 1
449, 1
449, 1
449, 1
449, 1
446, 4
416, 33
385, 57
335, 94
265, 143
224, 172
147, 236
128, 254
104, 279
59, 346
51, 366
41, 402
38, 417
37, 433
38, 441
40, 453
41, 455
44, 458
47, 460
47, 460
47, 460
47, 460
47, 460
47, 460
47, 460
47, 460
47, 460
47, 460
47, 460
47, 460
47, 460
47, 460
47, 460
47, 460
47, 460
47, 460
47, 460
47, 460
47, 460
47, 460
47, 460
47, 460
47, 460
47, 460
47, 460
47, 460
47, 460
47, 460
47, 460
47, 460
47, 460
47, 460
47, 460
47, 460
47, 460
47, 460
47, 460
47, 460
47, 460
47, 460
47, 460
47, 460
47, 460
47, 460
47, 460
47, 460
47, 460
47, 460
47, 460
47, 460
47, 460
47, 460
47, 460
47, 460
47, 460
47, 460
47, 460
47, 460
47, 460
47, 460
47, 460
47, 460
47, 459
48, 456
51, 447
74, 405
110, 350
147, 291
169, 253
188, 216
197, 200
198, 198
199, 197
199, 197
202, 196
203, 196
207, 195
207, 195
207, 195
207, 195
207, 195
207, 195
207, 195
207, 195
207, 195
207, 195
207, 195
207, 195
207, 195
207, 195
207, 194
220, 183
288, 125
306, 109
349, 76
366, 64
378, 56
380, 54
388, 47
393, 43
395, 40
397, 38
398, 36
398, 36
399, 36
399, 36
399, 36
398, 36
398, 37
395, 38
383, 51
336, 101
302, 143
276, 186
257, 227
226, 286
193, 350
187, 366
178, 408
178, 429
180, 445
182, 449
187, 455
192, 458
195, 459
206, 460
220, 460
228, 459
238, 457
251, 454
270, 447
275, 446
281, 444
282, 444
283, 444
283, 443
283, 443
284, 442
284, 442
285, 441
286, 439
286, 437
287, 418
287, 409
287, 371
287, 357
287, 338
287, 327
288, 313
291, 277
291, 264
292, 228
292, 204
292, 200
291, 192
292, 190
292, 190
292, 190
292, 190
292, 190
292, 190
292, 190
292, 190
292, 190
292, 190
292, 190
292, 190
292, 190
292, 190
292, 190
292, 190
292, 190
292, 190
292, 190
292, 190
292, 190
297, 186
333, 158
365, 132
408, 105
434, 88
490, 54
518, 37
533, 29
560, 17
568, 14
574, 12
575, 12
575, 12
575, 12
576, 12
576, 12
576, 12
576, 12
576, 12
575, 13
570, 16
559, 28
514, 82
497, 100
444, 152
397, 200
338, 264
338, 264
326, 274
295, 306
281, 323
261, 355
258, 362
253, 388
253, 393
253, 403
255, 411
256, 413
260, 416
262, 417
267, 419
268, 419
272, 419
272, 419
273, 419
274, 419
274, 419
274, 419
274, 419
274, 419
274, 419
274, 419
274, 419
274, 419
273, 418
272, 416
272, 412
278, 393
280, 387
283, 376
284, 369
290, 337
298, 318
328, 269
339, 253
369, 209
377, 198
408, 166
440, 143
494, 108
542, 74
549, 69
561, 62
561, 62
561, 61
561, 61
561, 61
561, 61
561, 61
560, 61
560, 61
560, 60
560, 59
562, 51
566, 27
568, 23
568, 16
568, 14
568, 14
567, 15
567, 15
543, 36
526, 55
486, 104
440, 163
425, 186
386, 256
377, 275
353, 324
342, 344
329, 368
315, 399
309, 409
305, 418
305, 422
304, 437
304, 439
306, 443
306, 443
306, 443
306, 444
306, 444
307, 444
307, 444
307, 444
307, 444
307, 440
310, 429
311, 423
311, 414
311, 407
310, 377
307, 358
305, 343
304, 339
299, 321
298, 310
297, 273
296, 241
297, 202
298, 188
302, 149
304, 139
307, 120
309, 109
311, 108
312, 107
312, 107
312, 107
312, 107
312, 107
312, 107
312, 107
312, 107
312, 107
312, 107
314, 103
335, 77
357, 48
369, 31
372, 26
372, 25
371, 24
371, 23
370, 22
370, 22
370, 22
369, 22
369, 22
369, 23
369, 24
369, 24
365, 28
357, 35
331, 62
317, 79
299, 100
296, 104
295, 107
295, 108
295, 109
299, 115
300, 117
307, 121
320, 126
368, 144
404, 160
426, 172
490, 211
518, 233
561, 278
596, 320
615, 348
633, 378
642, 394
654, 415
659, 426
661, 432
661, 435
661, 435
661, 435
660, 434
659, 434
656, 430
653, 427
651, 425
648, 421
642, 412
620, 377
605, 353
564, 306
531, 278
481, 244
463, 226
420, 186
378, 165
367, 162
341, 155
326, 151
286, 147
268, 144
242, 140
239, 139
235, 138
235, 137
233, 136
233, 135
232, 132
232, 128
232, 126
232, 118
232, 113
232, 105
232, 95
231, 84
229, 79
228, 76
226, 74
225, 73
221, 71
220, 71
218, 71
214, 71
212, 72
194, 84
187, 93
164, 124
147, 151
116, 196
90, 236
59, 296
38, 352
33, 371
23, 423
22, 436
22, 464
22, 478
24, 491
25, 494
26, 499
27, 501
29, 503
31, 504
32, 504
35, 502
49, 482
64, 460
75, 440
78, 426
82, 409
87, 360
89, 336
90, 273
85, 243
79, 221
75, 207
71, 185
70, 176
64, 150
61, 144
60, 143
59, 141
58, 140
57, 139
57, 137
57, 133
57, 129
56, 128
56, 116
54, 107
52, 99
51, 93
48, 86
47, 83
44, 75
43, 71
41, 69
41, 68
40, 68
40, 68
40, 67
40, 67
40, 67
40, 67
40, 67
42, 67
46, 66
57, 65
66, 64
98, 63
109, 64
113, 65
123, 75
132, 87
152, 119
174, 147
193, 173
212, 214
222, 242
244, 303
251, 324
264, 357
273, 375
289, 402
297, 413
306, 428
310, 434
313, 441
315, 449
316, 455
318, 459
319, 460
319, 460
320, 460
320, 460
320, 460
320, 460
320, 460
320, 458
320, 457
318, 452
315, 444
314, 439
300, 405
287, 378
270, 346
267, 340
261, 330
258, 325
255, 322
230, 286
211, 258
173, 218
159, 203
133, 172
111, 145
75, 113
65, 107
38, 95
35, 93
30, 92
28, 90
27, 89
25, 86
24, 84
24, 83
24, 82
24, 82
25, 82
25, 81
28, 83
38, 85
55, 86
120, 94
151, 102
229, 126
256, 136
352, 172
376, 187
422, 218
474, 261
520, 312
552, 362
565, 388
590, 447
596, 461
612, 504
615, 516
619, 549
619, 553
620, 562
619, 562
618, 563
616, 563
595, 536
583, 521
546, 474
519, 442
476, 389
462, 365
414, 273
364, 212
345, 198
292, 165
265, 151
205, 127
174, 114
153, 102
149, 100
144, 97
142, 97
139, 95
138, 95
135, 95
130, 96
126, 96
112, 98
104, 98
88, 99
76, 100
72, 101
60, 101
56, 101
52, 100
51, 99
51, 98
51, 97
51, 96
51, 95
52, 94
68, 90
78, 89
98, 90
116, 113
131, 143
153, 204
159, 230
174, 312
180, 352
195, 435
199, 456
212, 515
214, 531
216, 560
215, 591
215, 593
215, 593
215, 593
215, 593
215, 593
215, 593
215, 593
215, 593
215, 593
215, 593
215, 593
215, 593
215, 593
215, 593
215, 593
215, 593
215, 593
215, 593
215, 593
215, 593
215, 593
215, 593
215, 594
216, 593
220, 582
228, 557
243, 502
262, 424
272, 375
278, 347
292, 293
338, 181
347, 162
363, 120
364, 116
364, 113
364, 113
364, 113
364, 113
364, 113
364, 113
364, 113
364, 113
364, 115
362, 124
348, 152
346, 160
341, 176
341, 178
342, 179
342, 179
343, 180
343, 180
343, 180
342, 179
342, 179
342, 179
342, 178
336, 186
316, 213
274, 273
260, 302
228, 369
220, 389
201, 444
193, 478
193, 485
192, 495
193, 497
194, 501
195, 502
195, 503
195, 503
195, 502
196, 501
207, 475
228, 404
237, 350
237, 350
241, 293
242, 265
241, 199
240, 160
238, 138
235, 123
235, 120
233, 116
233, 114
233, 112
233, 112
233, 111
233, 111
233, 111
233, 111
233, 111
233, 111
233, 108
236, 104
237, 101
238, 98
238, 98
238, 97
238, 97
238, 97
238, 98
237, 98
221, 118
199, 144
164, 191
152, 212
135, 253
126, 278
111, 336
108, 353
102, 404
98, 436
96, 473
95, 483
95, 490
95, 491
95, 492
95, 492
96, 490
115, 444
130, 411
163, 361
202, 309
275, 238
333, 201
368, 185
464, 141
560, 103
577, 96
599, 87
600, 86
601, 86
601, 86
601, 86
600, 86
600, 86
599, 86
598, 87
593, 89
584, 95
563, 108
558, 111
550, 118
548, 121
543, 127
539, 130
533, 136
530, 138
521, 150
507, 172
496, 191
476, 234
470, 252
448, 319
442, 337
428, 384
420, 411
414, 437
411, 452
404, 476
403, 479
401, 488
401, 489
401, 490
400, 490
400, 490
400, 490
409, 452
422, 379
425, 345
427, 291
426, 267
424, 247
424, 223
425, 188
427, 173
428, 161
428, 159
429, 152
431, 147
439, 134
453, 112
461, 98
463, 93
465, 91
465, 89
465, 89
465, 89
465, 89
465, 89
465, 89
465, 89
465, 89
465, 89
465, 89
465, 90
466, 93
489, 141
507, 167
535, 224
555, 270
575, 323
588, 362
596, 402
599, 445
599, 463
599, 489
599, 502
599, 513
599, 515
599, 515
599, 515
597, 510
580, 454
574, 418
567, 375
561, 338
545, 281
537, 258
508, 196
488, 161
480, 148
464, 119
457, 100
456, 92
456, 90
456, 90
456, 90
456, 90
456, 90
456, 90
456, 90
457, 90
457, 90
458, 90
458, 90
461, 90
465, 92
488, 104
493, 107
506, 117
510, 124
511, 126
512, 130
512, 133
512, 134
512, 134
512, 135
511, 136
511, 136
510, 136
509, 136
508, 136
504, 136
495, 137
460, 148
438, 157
394, 180
346, 218
324, 242
282, 307
272, 326
242, 388
236, 403
227, 427
220, 452
219, 459
219, 473
222, 479
224, 481
225, 481
226, 481
227, 481
227, 481
228, 481
231, 480
233, 479
235, 478
244, 466
259, 444
291, 401
332, 334
358, 284
394, 222
413, 193
434, 166
437, 161
437, 159
438, 157
440, 154
441, 154
441, 153
441, 153
442, 153
442, 153
443, 153
456, 142
474, 129
482, 124
499, 113
506, 109
506, 108
506, 108
506, 108
506, 108
506, 108
504, 108
503, 108
495, 112
450, 131
409, 148
308, 196
258, 224
209, 255
124, 321
55, 389
11, 438
2, 451
-15, 485
-20, 501
-24, 518
-25, 524
-25, 526
-25, 528
-24, 532
-23, 533
-22, 533
-18, 530
8, 485
18, 461
48, 371
54, 344
69, 268
73, 232
79, 167
80, 139
79, 107
78, 103
75, 94
73, 91
72, 89
71, 88
70, 88
70, 88
70, 88
68, 88
57, 91
33, 95
30, 96
20, 95
18, 93
17, 93
16, 91
16, 91
16, 89
17, 89
19, 89
29, 89
60, 93
86, 100
123, 114
161, 129
204, 154
238, 176
279, 203
300, 222
335, 268
342, 282
361, 321
375, 346
400, 373
421, 390
452, 411
472, 423
486, 431
505, 438
515, 443
523, 445
526, 446
530, 448
530, 448
532, 449
533, 450
533, 450
533, 451
533, 451
533, 451
532, 447
510, 391
498, 370
463, 311
451, 286
435, 241
429, 198
428, 171
428, 142
427, 130
426, 124
425, 122
424, 122
423, 119
423, 118
423, 118
423, 118
423, 118
423, 118
424, 119
427, 129
433, 144
444, 164
474, 203
508, 254
521, 282
541, 339
548, 367
559, 416
565, 451
567, 468
568, 476
568, 479
569, 481
569, 481
569, 481
568, 480
551, 459
531, 435
489, 386
468, 360
427, 293
408, 269
343, 200
289, 153
267, 139
201, 110
166, 103
99, 96
70, 93
58, 91
56, 90
52, 89
51, 89
51, 89
50, 90
49, 91
46, 95
44, 99
41, 106
40, 112
39, 118
39, 123
39, 125
41, 129
41, 131
42, 131
43, 131
45, 131
49, 131
54, 131
64, 133
73, 135
113, 150
122, 159
144, 194
154, 246
156, 273
159, 327
162, 359
168, 391
174, 413
182, 429
188, 440
194, 452
195, 454
196, 457
196, 457
196, 457
197, 457
197, 457
197, 457
194, 426
178, 368
163, 334
147, 291
138, 264
116, 191
95, 132
86, 116
70, 97
62, 90
55, 83
51, 78
47, 72
46, 71
45, 70
45, 69
44, 69
44, 69
44, 69
44, 69
45, 69
45, 68
52, 68
70, 72
120, 90
135, 99
183, 131
220, 157
280, 205
340, 248
397, 290
437, 319
466, 340
514, 379
532, 395
558, 420
564, 426
575, 437
580, 441
580, 443
580, 443
580, 443
580, 443
578, 438
565, 414
551, 384
539, 357
514, 306
483, 239
474, 209
464, 158
455, 124
446, 106
444, 103
443, 101
443, 100
443, 99
443, 99
443, 99
443, 100
443, 100
443, 101
443, 103
453, 133
465, 166
490, 226
516, 289
523, 311
546, 377
552, 392
566, 432
577, 457
589, 483
591, 488
592, 492
592, 493
592, 493
590, 492
588, 490
584, 485
578, 473
562, 434
542, 390
525, 357
473, 261
435, 208
383, 169
346, 148
299, 127
257, 110
227, 93
200, 81
185, 75
175, 70
172, 69
170, 66
168, 65
167, 64
164, 62
164, 61
162, 59
161, 57
159, 54
158, 54
158, 53
158, 53
158, 53
158, 53
159, 53
163, 53
178, 62
189, 75
200, 103
209, 134
218, 193
219, 239
219, 276
219, 327
220, 347
222, 364
227, 392
230, 408
236, 426
243, 443
244, 446
246, 450
246, 452
246, 453
246, 453
246, 453
247, 437
249, 402
251, 367
257, 307
258, 249
255, 218
249, 179
246, 165
241, 136
238, 128
237, 127
236, 126
235, 125
235, 124
235, 124
235, 124
236, 124
236, 124
236, 124
236, 124
237, 125
240, 127
249, 136
279, 174
295, 200
334, 263
350, 281
396, 338
405, 352
424, 394
432, 417
435, 442
435, 457
435, 460
435, 465
435, 466
435, 467
435, 467
435, 468
432, 461
408, 414
387, 383
351, 344
316, 303
297, 277
250, 217
219, 177
193, 143
171, 118
153, 103
115, 73
96, 54
89, 46
84, 41
84, 40
84, 40
84, 40
84, 41
84, 41
84, 41
84, 41
84, 42
85, 42
91, 49
141, 84
141, 84
190, 130
209, 143
264, 186
294, 218
328, 262
341, 281
352, 294
378, 331
398, 363
411, 387
416, 398
420, 408
423, 416
425, 426
426, 429
426, 431
426, 431
426, 431
426, 431
426, 431
415, 396
409, 377
398, 340
384, 280
384, 256
389, 184
398, 139
408, 102
410, 94
411, 90
417, 80
422, 72
427, 66
430, 61
434, 56
435, 54
436, 53
436, 53
436, 53
437, 52
449, 44
454, 42
456, 41
456, 41
457, 41
458, 41
458, 41
461, 40
462, 40
462, 40
462, 40
462, 41
462, 42
456, 57
447, 70
421, 106
401, 138
376, 184
349, 229
323, 263
310, 281
278, 328
268, 347
252, 389
250, 398
246, 425
246, 429
246, 431
247, 432
247, 432
247, 432
250, 428
282, 376
295, 350
317, 299
326, 252
326, 227
328, 166
329, 152
330, 119
330, 112
328, 84
326, 68
324, 52
322, 22
320, 14
318, 12
318, 12
317, 13
317, 14
316, 14
316, 15
315, 16
315, 16
315, 19
315, 21
324, 33
342, 54
371, 95
390, 122
443, 189
458, 210
496, 269
511, 298
532, 349
540, 372
550, 408
556, 429
560, 435
562, 440
562, 441
562, 441
562, 441
562, 439
558, 432
536, 409
515, 379
501, 356
483, 323
459, 269
451, 249
432, 189
415, 130
410, 99
408, 77
408, 75
408, 74
409, 74
417, 73
461, 69
503, 68
549, 66
564, 64
601, 57
607, 55
615, 53
618, 52
618, 52
618, 51
617, 51
617, 51
617, 51
616, 51
616, 51
616, 51
614, 52
613, 52
608, 57
596, 68
558, 107
514, 168
491, 210
465, 263
448, 299
441, 316
425, 363
417, 399
416, 415
418, 433
421, 441
426, 447
427, 449
429, 451
431, 452
431, 453
431, 453
431, 452
431, 451
431, 445
427, 432
416, 407
405, 367
398, 333
391, 298
389, 291
383, 269
378, 254
369, 218
369, 218
351, 146
347, 131
333, 94
323, 75
311, 49
303, 29
302, 27
301, 25
300, 25
300, 24
300, 24
300, 24
300, 25
300, 25
300, 25
300, 25
300, 24
299, 24
299, 22
297, 19
294, 16
294, 15
293, 14
293, 14
292, 13
292, 13
292, 13
295, 16
328, 52
353, 101
364, 137
376, 199
379, 223
390, 297
393, 317
405, 368
415, 398
429, 436
434, 447
447, 477
452, 487
453, 492
454, 494
454, 495
454, 495
453, 495
451, 491
450, 486
443, 460
435, 428
419, 370
410, 342
396, 297
393, 284
385, 240
380, 214
377, 196
377, 194
377, 193
376, 192
376, 191
376, 191
376, 191
376, 190
376, 190
376, 190
376, 190
376, 187
376, 185
376, 183
374, 176
371, 167
368, 162
360, 148
326, 101
314, 88
305, 78
301, 73
299, 69
298, 67
296, 65
296, 63
294, 59
293, 58
292, 54
291, 52
291, 51
291, 48
290, 48
290, 48
290, 48
289, 48
289, 48
289, 48
280, 53
224, 96
204, 115
184, 146
173, 164
148, 203
123, 242
102, 280
85, 320
74, 362
71, 381
70, 385
70, 387
70, 388
70, 388
70, 388
70, 388
71, 388
71, 387
71, 387
71, 387
72, 386
79, 374
108, 339
137, 306
181, 253
214, 221
250, 192
312, 154
368, 135
400, 128
441, 121
469, 113
527, 97
554, 88
562, 85
564, 85
565, 84
566, 83
566, 82
567, 82
567, 81
566, 81
566, 80
565, 79
563, 75
562, 74
558, 70
555, 68
555, 68
555, 68
555, 68
528, 89
491, 119
469, 142
431, 190
394, 239
353, 296
343, 313
320, 359
310, 387
300, 422
299, 430
296, 446
294, 452
293, 457
293, 461
293, 462
293, 462
293, 462
293, 461
295, 453
297, 443
299, 436
301, 429
304, 411
306, 392
308, 331
305, 270
302, 251
291, 203
279, 179
259, 151
243, 133
236, 126
216, 106
212, 100
210, 97
208, 94
207, 94
206, 92
206, 92
205, 91
204, 90
203, 89
203, 88
201, 86
200, 85
199, 84
198, 83
197, 83
197, 83
197, 83
197, 83
197, 83
197, 83
199, 85
199, 85
199, 85
199, 85
199, 85
199, 85
199, 85
199, 85
199, 85
199, 85
199, 85
200, 86
200, 86
200, 86
200, 86
201, 86
202, 87
205, 90
209, 93
233, 102
259, 113
314, 151
352, 182
406, 226
435, 254
489, 312
513, 341
557, 402
568, 416
591, 450
600, 466
603, 475
604, 479
604, 481
603, 482
603, 482
600, 479
597, 471
581, 434
567, 396
559, 372
534, 299
508, 213
499, 147
499, 125
503, 71
508, 45
509, 38
509, 36
509, 35
511, 34
512, 33
525, 27
552, 12
554, 11
556, 10
556, 10
556, 10
556, 10
556, 10
556, 11
556, 12
555, 15
552, 21
535, 41
510, 69
476, 113
444, 149
417, 179
333, 283
317, 311
307, 328
276, 378
269, 391
254, 415
250, 425
247, 434
246, 436
246, 439
246, 439
246, 439
247, 439
247, 439
259, 422
272, 404
306, 339
314, 316
334, 243
345, 193
353, 131
356, 99
355, 46
348, 18
347, 14
341, 8
336, 3
329, -1
327, -3
320, -7
317, -7
313, -8
309, -9
300, -6
290, 0
275, 14
272, 19
267, 29
265, 36
265, 38
264, 43
263, 46
261, 51
257, 60
239, 87
212, 123
198, 142
155, 209
112, 284
87, 335
67, 393
57, 452
55, 484
55, 502
57, 528
58, 531
61, 537
61, 537
62, 537
67, 533
76, 518
110, 462
131, 421
151, 383
162, 360
177, 320
185, 304
222, 237
234, 216
264, 158
283, 123
309, 83
338, 44
347, 28
348, 23
348, 22
346, 17
345, 14
342, 12
340, 11
336, 11
334, 11
324, 12
308, 18
269, 37
246, 49
215, 69
208, 77
199, 89
182, 118
171, 136
142, 186
132, 206
98, 275
87, 303
68, 361
63, 378
52, 427
49, 466
49, 482
49, 493
50, 500
51, 502
51, 503
52, 503
52, 502
61, 484
70, 464
101, 410
118, 383
151, 332
169, 298
175, 283
202, 223
212, 204
241, 159
253, 142
262, 127
267, 117
273, 108
273, 107
274, 106
274, 106
274, 106
274, 106
274, 106
274, 106
274, 106
274, 106
273, 104
271, 101
269, 98
263, 88
255, 79
239, 62
231, 55
223, 47
220, 44
218, 42
214, 39
210, 38
208, 38
207, 37
207, 37
207, 36
208, 36
222, 45
234, 56
282, 94
345, 142
395, 177
454, 228
486, 259
550, 317
586, 352
621, 398
629, 410
644, 436
644, 440
645, 446
645, 447
645, 447
644, 447
644, 447
643, 443
641, 437
631, 412
620, 394
586, 355
555, 322
507, 256
492, 231
445, 166
420, 141
377, 98
342, 62
321, 46
293, 36
277, 31
259, 27
247, 25
225, 26
206, 28
190, 29
179, 29
175, 29
174, 28
173, 28
173, 28
173, 28
173, 28
173, 30
173, 31
173, 35
176, 40
179, 44
197, 59
207, 69
239, 103
253, 126
277, 178
291, 216
312, 265
330, 301
358, 346
366, 358
385, 388
394, 404
397, 411
400, 416
400, 417
401, 418
401, 418
401, 419
401, 419
400, 419
398, 412
388, 370
373, 294
368, 270
348, 197
343, 178
325, 130
315, 107
308, 94
305, 89
303, 86
301, 82
300, 81
300, 81
300, 81
300, 81
301, 81
301, 81
301, 81
301, 81
301, 81
301, 81
301, 81
301, 81
301, 81
301, 81
301, 81
299, 81
296, 81
269, 77
240, 74
172, 72
143, 72
132, 71
129, 69
129, 69
128, 68
127, 66
126, 65
126, 64
124, 63
122, 62
117, 60
110, 57
103, 55
91, 48
78, 39
75, 37
75, 36
74, 36
74, 35
74, 34
74, 33
76, 33
89, 41
99, 47
148, 70
210, 111
243, 135
313, 201
331, 224
400, 295
419, 313
463, 361
483, 386
496, 406
507, 419
509, 422
510, 423
510, 423
510, 423
510, 423
510, 423
506, 420
503, 417
489, 407
458, 384
427, 359
383, 309
357, 274
303, 207
275, 180
223, 137
168, 103
118, 77
118, 77
87, 63
69, 59
67, 58
61, 58
58, 58
54, 58
52, 58
51, 57
49, 55
49, 55
49, 54
49, 54
51, 54
67, 59
89, 65
146, 83
180, 94
271, 132
303, 144
394, 182
491, 234
509, 252
546, 301
558, 324
580, 369
586, 380
602, 408
605, 415
610, 429
610, 433
610, 435
606, 435
602, 433
571, 412
556, 398
503, 341
463, 290
413, 214
388, 184
337, 141
322, 128
278, 91
248, 71
231, 62
207, 53
205, 52
200, 50
197, 49
192, 48
192, 48
185, 48
177, 49
173, 49
173, 49
172, 49
172, 49
172, 49
184, 49
201, 54
226, 66
245, 76
283, 98
295, 108
330, 139
344, 152
390, 190
414, 212
458, 261
479, 285
525, 335
540, 351
561, 379
571, 400
573, 407
573, 410
573, 411
573, 412
573, 412
566, 406
511, 358
463, 294
440, 263
388, 217
370, 206
316, 170
276, 143
225, 107
189, 83
142, 68
101, 60
85, 57
70, 54
64, 53
61, 53
60, 53
59, 53
58, 53
54, 53
53, 53
51, 53
51, 53
50, 52
50, 52
50, 51
50, 51
50, 49
57, 46
71, 42
98, 42
123, 43
182, 54
218, 71
261, 105
298, 134
340, 191
351, 213
387, 273
432, 322
459, 350
482, 374
495, 388
513, 405
518, 408
525, 411
528, 412
528, 412
528, 413
528, 413
528, 413
506, 388
474, 349
451, 326
392, 282
376, 270
331, 226
306, 201
278, 175
232, 134
213, 122
174, 106
131, 98
121, 94
99, 89
87, 87
73, 86
69, 86
61, 84
59, 83
58, 83
58, 83
58, 83
59, 82
60, 82
61, 82
66, 81
80, 77
88, 73
98, 68
105, 64
113, 60
119, 58
133, 57
140, 57
141, 57
142, 57
144, 58
146, 60
147, 62
149, 77
151, 98
156, 137
161, 166
177, 236
182, 256
202, 321
206, 339
216, 386
222, 419
224, 432
225, 439
225, 440
225, 441
225, 441
225, 441
224, 438
216, 422
187, 368
165, 321
139, 271
127, 249
92, 182
71, 138
63, 120
40, 68
35, 56
25, 26
19, 12
15, 2
13, 0
13, -1
13, -1
13, -1
13, -1
13, -1
18, 5
24, 13
30, 27
38, 43
64, 84
103, 132
128, 168
156, 229
168, 255
190, 298
202, 323
218, 372
221, 386
227, 415
229, 429
232, 439
234, 446
235, 448
236, 449
236, 450
236, 450
236, 450
245, 418
249, 401
258, 364
280, 294
293, 273
334, 216
379, 172
405, 154
474, 116
508, 96
579, 59
587, 55
597, 49
598, 49
598, 48
598, 48
598, 48
598, 48
597, 48
596, 48
595, 47
593, 47
566, 58
550, 67
532, 77
504, 97
495, 105
469, 127
454, 141
425, 170
397, 196
370, 217
322, 250
299, 263
217, 306
194, 317
118, 360
92, 377
64, 401
50, 417
37, 441
35, 446
31, 456
29, 461
28, 466
28, 467
28, 467
28, 467
41, 434
63, 370
76, 335
96, 284
110, 246
122, 197
128, 167
136, 113
136, 107
133, 89
131, 82
127, 74
124, 70
121, 66
118, 64
117, 64
115, 63
115, 63
114, 63
113, 63
113, 63
114, 63
129, 69
151, 79
228, 131
228, 131
296, 191
319, 218
350, 264
388, 312
405, 334
435, 372
450, 391
463, 415
466, 421
474, 438
475, 442
476, 447
476, 449
476, 450
475, 450
475, 450
458, 430
447, 413
438, 396
423, 370
420, 363
411, 340
404, 306
401, 289
398, 273
398, 272
398, 271
398, 270
398, 266
399, 264
399, 261
399, 260
400, 259
402, 253
404, 246
412, 210
419, 179
427, 136
429, 112
428, 84
423, 67
415, 51
407, 38
400, 23
396, 12
395, 11
394, 8
394, 8
394, 9
394, 10
395, 13
410, 41
434, 88
446, 119
470, 206
475, 236
496, 329
504, 351
538, 414
552, 433
572, 462
589, 492
594, 502
595, 504
596, 505
596, 505
596, 505
595, 491
590, 463
576, 395
572, 367
563, 304
558, 262
553, 224
537, 139
534, 124
526, 88
524, 83
521, 73
519, 69
518, 64
518, 63
517, 62
517, 61
517, 61
517, 61
517, 62
517, 63
515, 68
509, 81
491, 115
475, 141
424, 219
406, 258
388, 320
379, 365
374, 415
370, 471
370, 502
370, 502
370, 526
371, 528
371, 528
371, 529
371, 528
372, 520
374, 513
379, 486
384, 458
387, 415
387, 385
385, 312
378, 217
373, 180
365, 133
356, 94
340, 48
333, 32
332, 29
333, 29
333, 29
333, 29
333, 29
333, 29
333, 29
333, 29
333, 29
333, 29
333, 29
333, 29
333, 29
333, 29
333, 29
333, 29
333, 29
333, 29
333, 29
333, 29
333, 29
333, 29
333, 29
333, 29
333, 29
333, 29
333, 29
333, 29
333, 29
333, 29
333, 29
333, 29
333, 29
333, 29
333, 29
333, 29
333, 29
333, 29
333, 29
333, 29
333, 29
333, 29
333, 29
333, 29
333, 29
333, 29
333, 29
333, 29
333, 29
333, 29
333, 29
333, 29
333, 29
333, 29
333, 29
330, 29
329, 28
321, 26
302, 20
284, 14
277, 12
275, 10
271, 9
270, 8
267, 8
266, 8
265, 8
265, 8
265, 8
266, 11
269, 29
285, 98
293, 129
316, 191
323, 211
343, 270
356, 308
372, 361
379, 382
391, 418
401, 451
404, 462
405, 468
406, 470
406, 471
406, 471
405, 469
405, 469
404, 467
403, 463
398, 434
391, 382
387, 338
384, 314
373, 248
368, 231
360, 197
353, 169
347, 144
347, 143
347, 142
347, 142
347, 142
347, 142
347, 142
348, 142
348, 142
348, 142
348, 142
348, 142
348, 142
348, 142
348, 142
348, 142
348, 142
348, 142
348, 142
348, 142
348, 142
348, 142
348, 142
348, 142
348, 142
348, 142
348, 142
348, 142
348, 142
348, 142
348, 142
348, 142
348, 142
348, 142
348, 142
348, 142
348, 142
348, 142
348, 142
348, 142
348, 142
348, 142
348, 142
348, 142
348, 142
348, 142
348, 142
348, 142
348, 142
348, 142
348, 142
366, 128
424, 77
448, 57
499, 13
512, 2
517, -3
517, -3
517, -3
517, -3
517, -3
517, -3
517, -3
517, -3
517, -3
499, 9
459, 37
434, 58
303, 163
255, 202
175, 267
124, 311
78, 351
40, 393
26, 412
10, 436
9, 439
8, 441
8, 441
8, 441
10, 439
15, 434
51, 402
86, 370
129, 314
156, 274
196, 221
251, 138
266, 114
293, 74
296, 71
297, 69
297, 68
297, 68
296, 68
296, 68
296, 68
296, 68
296, 68
296, 68
296, 68
296, 68
296, 68
296, 69
296, 69
296, 69
296, 69
296, 69
296, 69
296, 69
296, 69
296, 69
296, 69
296, 69
295, 69
295, 69
295, 68
294, 67
294, 67
294, 66
294, 66
294, 66
294, 66
294, 66
294, 66
294, 66
294, 66
294, 66
294, 66
294, 65
294, 65
294, 65
295, 65
295, 65
295, 65
295, 65
296, 65
296, 65
297, 65
297, 65
297, 65
298, 65
298, 65
298, 65
299, 65
299, 64
299, 64
299, 64
299, 64
299, 64
299, 64
299, 64
300, 64
300, 64
300, 64
300, 64
301, 64
303, 64
319, 60
366, 49
406, 44
454, 39
476, 37
500, 36
511, 34
515, 34
517, 34
518, 34
518, 34
518, 34
517, 34
517, 34
517, 34
516, 34
515, 33
515, 33
515, 33
514, 32
512, 31
511, 29
510, 29
510, 29
509, 30
505, 31
496, 34
486, 39
449, 59
408, 89
396, 99
347, 139
317, 164
264, 206
219, 240
156, 289
142, 303
111, 339
106, 345
94, 358
89, 364
88, 364
87, 365
87, 365
87, 365
87, 365
87, 365
86, 364
86, 364
86, 364
86, 364
86, 364
86, 364
87, 364
87, 363
87, 363
87, 363
88, 361
88, 361
95, 340
99, 326
114, 278
128, 241
136, 220
180, 141
192, 125
194, 123
195, 122
195, 122
196, 122
196, 122
196, 122
196, 122
197, 123
197, 124
197, 124
197, 124
197, 124
197, 124
197, 124
197, 124
197, 124
197, 124
197, 124
197, 124
197, 124
197, 124
197, 124
197, 124
197, 124
197, 124
197, 124
197, 124
197, 124
197, 124
197, 124
197, 124
197, 124
197, 124
197, 124
197, 124
197, 124
197, 123
198, 120
216, 98
229, 84
262, 49
266, 45
272, 39
274, 38
274, 38
274, 38
274, 38
274, 38
274, 38
274, 38
273, 39
267, 52
229, 109
193, 158
142, 237
117, 275
81, 333
54, 389
41, 427
41, 427
35, 448
35, 449
35, 449
35, 449
35, 448
47, 428
56, 418
83, 383
97, 361
141, 275
164, 229
188, 188
203, 167
205, 163
207, 160
207, 159
208, 158
208, 158
208, 158
209, 158
209, 158
209, 158
209, 158
209, 158
209, 158
208, 158
208, 158
208, 158
208, 158
208, 158
208, 158
208, 158
208, 158
208, 158
208, 158
208, 158
208, 158
208, 158
208, 158
208, 158
208, 158
208, 158
208, 158
208, 158
208, 158
208, 158
208, 158
208, 157
208, 157
208, 157
208, 157
208, 157
208, 157
208, 157
208, 157
208, 157
208, 157
208, 157
208, 157
208, 157
208, 157
208, 157
208, 157
208, 157
208, 157
208, 157
223, 151
246, 141
314, 116
365, 101
442, 80
473, 71
490, 64
526, 46
543, 35
551, 29
552, 27
553, 26
554, 25
555, 25
555, 25
555, 25
555, 24
558, 21
561, 18
561, 18
556, 22
516, 63
505, 79
458, 130
427, 160
355, 232
334, 252
280, 305
242, 360
235, 373
224, 403
223, 410
221, 415
219, 425
219, 425
219, 426
219, 426
219, 427
220, 426
223, 416
230, 401
250, 364
266, 336
282, 308
302, 266
307, 249
311, 228
312, 216
315, 201
315, 198
316, 197
316, 197
316, 197
316, 197
316, 197
316, 197
316, 197
316, 197
316, 197
316, 197
316, 197
316, 197
316, 197
316, 197
316, 197
316, 197
316, 197
316, 197
316, 197
316, 197
316, 197
316, 197
316, 197
316, 197
316, 197
316, 197
318, 180
323, 161
339, 114
353, 85
356, 80
360, 73
360, 72
361, 72
361, 71
366, 64
367, 62
368, 61
368, 61
368, 61
368, 61
368, 61
368, 61
369, 60
380, 49
389, 42
401, 30
403, 28
404, 27
404, 27
404, 27
404, 28
409, 42
417, 69
443, 156
475, 236
485, 263
510, 336
522, 378
531, 419
537, 443
539, 466
538, 475
538, 477
538, 478
537, 477
536, 477
535, 477
535, 476
534, 475
534, 473
533, 469
531, 457
527, 446
501, 400
487, 380
444, 322
411, 287
362, 253
336, 237
279, 202
260, 191
205, 163
177, 150
111, 121
98, 113
78, 97
76, 94
73, 87
73, 83
73, 78
74, 74
74, 73
74, 71
74, 70
75, 70
75, 70
76, 70
84, 70
115, 78
150, 101
163, 111
204, 150
231, 182
243, 201
272, 264
279, 283
296, 334
308, 363
322, 401
331, 424
336, 437
344, 459
349, 467
361, 483
367, 490
370, 493
370, 494
370, 494
362, 486
350, 474
341, 461
338, 456
338, 453
336, 442
332, 414
326, 386
317, 347
311, 308
303, 244
301, 205
299, 166
298, 142
297, 138
297, 135
297, 132
297, 131
296, 129
296, 129
296, 129
296, 129
296, 129
296, 129
296, 129
296, 129
296, 129
293, 128
291, 126
278, 117
264, 111
222, 97
199, 88
174, 76
168, 71
154, 57
150, 54
149, 53
148, 52
148, 52
147, 52
147, 52
147, 52
147, 51
147, 51
147, 52
147, 52
147, 56
148, 59
149, 65
150, 71
155, 82
162, 97
167, 106
176, 120
178, 123
178, 124
179, 124
179, 124
178, 124
174, 121
164, 112
158, 109
135, 102
119, 99
111, 98
107, 98
96, 96
93, 94
93, 94
92, 93
93, 93
97, 93
103, 93
127, 101
151, 108
214, 134
236, 146
301, 187
328, 209
365, 267
382, 322
383, 341
385, 397
385, 414
381, 442
378, 457
372, 472
372, 474
370, 477
370, 477
369, 477
369, 477
363, 475
352, 467
344, 457
319, 418
299, 383
273, 313
263, 289
239, 230
225, 198
213, 171
206, 152
198, 129
193, 118
193, 117
192, 116
191, 114
191, 113
190, 113
189, 111
188, 110
187, 109
186, 104
185, 94
184, 89
183, 83
180, 81
170, 76
158, 73
152, 72
150, 72
145, 70
144, 69
142, 67
141, 66
141, 66
140, 65
140, 65
140, 65
140, 65
140, 65
139, 65
139, 65
139, 66
140, 70
151, 76
166, 82
201, 95
208, 100
236, 122
247, 131
286, 162
316, 188
364, 239
387, 258
450, 316
486, 355
534, 415
563, 458
579, 490
588, 521
592, 533
595, 539
596, 543
596, 543
596, 543
592, 498
585, 440
570, 351
563, 328
540, 263
535, 246
528, 201
527, 173
532, 149
535, 132
535, 129
536, 125
537, 122
539, 112
542, 106
544, 101
545, 98
546, 97
546, 96
546, 96
546, 96
546, 96
547, 96
548, 97
549, 97
549, 97
549, 97
549, 97
549, 97
549, 97
549, 97
549, 97
549, 97
549, 97
549, 97
549, 97
548, 97
547, 95
547, 91
547, 89
546, 88
545, 87
540, 88
491, 101
460, 113
367, 154
305, 190
218, 254
175, 288
119, 339
86, 372
63, 399
42, 420
23, 440
20, 443
20, 443
19, 443
19, 443
20, 441
26, 432
56, 385
71, 354
95, 289
112, 236
129, 171
137, 126
141, 80
139, 35
137, 27
130, 12
124, 4
111, -9
102, -13
95, -14
77, -15
65, -13
41, 1
19, 23
9, 35
3, 43
2, 49
1, 57
1, 58
2, 62
4, 63
8, 64
15, 64
22, 64
30, 64
55, 62
85, 63
95, 65
116, 66
124, 67
147, 72
153, 75
170, 88
183, 101
208, 128
235, 166
243, 180
266, 235
269, 253
279, 304
285, 338
295, 377
299, 389
307, 416
312, 428
316, 439
317, 443
320, 449
320, 451
322, 453
323, 454
323, 454
324, 453
330, 448
359, 411
368, 394
392, 346
406, 313
428, 267
451, 224
491, 174
497, 167
506, 156
507, 153
511, 147
515, 140
515, 139
516, 138
516, 138
516, 138
516, 138
516, 138
516, 139
516, 141
503, 165
484, 197
435, 281
417, 321
403, 373
400, 390
393, 433
393, 442
391, 461
391, 469
391, 470
391, 471
391, 471
394, 461
419, 396
428, 374
447, 315
451, 284
452, 249
455, 225
470, 172
484, 138
494, 109
498, 98
500, 87
504, 62
507, 45
508, 34
508, 33
508, 32
508, 32
508, 32
508, 32
508, 32
508, 32
497, 45
478, 63
448, 87
351, 166
321, 188
217, 261
187, 282
112, 336
66, 369
25, 406
-3, 434
-26, 460
-48, 490
-59, 505
-69, 520
-70, 522
-70, 522
-69, 521
-60, 511
-37, 480
-18, 451
44, 357
62, 323
112, 213
146, 129
155, 107
169, 61
170, 48
167, 43
166, 42
164, 37
163, 33
162, 27
160, 22
160, 20
160, 19
160, 19
160, 19
160, 19
165, 26
207, 62
221, 74
299, 134
346, 171
392, 211
463, 278
492, 310
532, 358
553, 385
587, 431
597, 448
608, 469
609, 471
610, 472
610, 472
611, 472
607, 465
600, 453
589, 443
557, 401
541, 372
504, 296
492, 276
433, 196
421, 183
389, 139
381, 125
366, 90
363, 80
360, 74
360, 73
359, 71
352, 58
347, 51
344, 47
342, 45
342, 45
341, 43
341, 43
340, 43
340, 43
340, 44
340, 44
340, 44
346, 69
362, 105
383, 140
416, 196
452, 240
520, 308
562, 361
583, 388
619, 436
635, 461
644, 482
645, 486
645, 491
645, 492
644, 492
643, 492
628, 471
601, 419
580, 377
541, 315
524, 297
499, 271
454, 217
411, 164
354, 116
334, 105
301, 94
292, 94
288, 94
288, 94
288, 94
288, 94
288, 94
288, 94
288, 94
288, 94
288, 94
288, 94
289, 92
308, 73
321, 57
336, 37
349, 21
352, 18
352, 17
352, 17
352, 17
352, 17
352, 17
351, 18
347, 26
337, 43
295, 92
247, 145
213, 188
151, 256
129, 280
75, 342
53, 367
15, 412
3, 428
-12, 448
-13, 452
-13, 453
-12, 453
-10, 451
10, 432
25, 415
53, 377
58, 371
70, 353
83, 333
119, 286
159, 219
170, 198
191, 147
197, 130
201, 120
204, 110
207, 103
217, 88
219, 85
219, 85
220, 85
221, 84
237, 81
286, 72
378, 62
406, 60
484, 56
527, 55
562, 55
565, 54
569, 53
569, 52
569, 52
569, 51
569, 51
569, 51
569, 51
568, 50
566, 48
561, 43
559, 42
557, 42
550, 44
540, 50
516, 63
491, 89
480, 107
460, 157
451, 189
447, 206
435, 255
428, 289
422, 324
417, 353
414, 390
414, 399
419, 427
419, 433
421, 448
422, 454
422, 462
421, 466
421, 467
420, 467
419, 466
405, 446
398, 429
377, 365
371, 343
353, 282
339, 241
327, 179
326, 159
328, 111
331, 86
331, 85
332, 82
333, 79
339, 74
344, 71
370, 61
390, 52
431, 26
438, 21
455, 10
455, 9
456, 9
456, 9
456, 9
457, 10
466, 30
476, 45
507, 92
526, 156
532, 183
546, 266
554, 318
568, 389
571, 410
578, 462
580, 481
581, 506
582, 512
582, 513
582, 513
571, 492
563, 479
534, 438
512, 404
488, 337
475, 249
470, 220
454, 154
443, 128
420, 83
415, 74
404, 57
401, 52
399, 50
399, 50
398, 50
398, 50
397, 49
397, 49
397, 49
396, 49
395, 49
375, 48
359, 48
306, 52
271, 55
240, 54
234, 53
216, 47
201, 41
193, 39
185, 37
161, 28
156, 26
153, 25
150, 23
150, 23
149, 23
149, 23
149, 23
149, 23
149, 23
148, 24
146, 37
140, 80
140, 97
140, 106
149, 177
158, 218
178, 283
193, 322
213, 370
226, 409
228, 418
234, 433
235, 438
237, 444
238, 444
238, 445
239, 445
239, 443
239, 441
241, 422
245, 377
246, 349
249, 288
251, 253
252, 197
252, 188
251, 160
251, 147
251, 135
252, 116
252, 114
252, 113
252, 113
252, 113
252, 112
254, 111
261, 101
274, 88
311, 58
360, 23
372, 13
395, -5
397, -7
398, -7
398, -7
397, -7
396, -7
395, -7
394, -6
394, -6
399, -1
414, 4
461, 12
477, 15
491, 16
550, 14
570, 13
603, 11
622, 8
631, 8
635, 8
636, 8
636, 8
635, 9
635, 10
633, 12
632, 13
627, 17
623, 22
607, 42
582, 68
554, 96
515, 152
485, 197
449, 251
428, 284
411, 322
405, 343
397, 373
396, 395
396, 403
395, 432
395, 437
399, 456
402, 462
405, 468
406, 469
407, 468
412, 460
421, 444
440, 396
449, 364
457, 290
455, 269
446, 208
437, 170
426, 115
422, 100
415, 82
413, 80
412, 80
411, 79
411, 79
411, 79
411, 79
411, 79
411, 79
411, 79
411, 79
411, 79
411, 79
411, 79
411, 79
411, 79
411, 79
411, 79
411, 79
411, 79
410, 79
409, 79
409, 78
409, 78
409, 78
409, 78
409, 78
409, 78
409, 78
410, 76
412, 72
421, 56
430, 36
438, 18
442, 11
443, 6
443, 6
443, 6
443, 6
443, 6
444, 6
444, 7
445, 10
455, 38
465, 63
493, 134
500, 161
516, 239
523, 316
528, 397
528, 397
526, 477
526, 506
526, 529
526, 536
526, 536
521, 527
515, 513
505, 493
499, 473
499, 459
507, 370
507, 370
507, 333
495, 267
481, 219
475, 194
468, 162
466, 141
465, 121
464, 120
464, 120
464, 120
464, 120
464, 120
464, 120
464, 120
465, 121
465, 121
465, 121
465, 121
465, 121
465, 121
465, 121
465, 121
465, 121
465, 121
465, 121
465, 121
465, 121
465, 121
465, 121
465, 121
465, 121
465, 121
465, 121
465, 121
465, 121
465, 121
465, 121
464, 121
454, 119
382, 107
341, 102
257, 94
231, 92
161, 86
126, 81
81, 67
59, 58
24, 46
6, 41
-13, 33
-17, 31
-19, 29
-19, 29
-19, 29
-19, 28
-19, 28
-14, 29
0, 29
22, 28
94, 34
149, 47
235, 86
265, 101
363, 169
405, 202
444, 237
482, 281
501, 304
540, 351
549, 363
567, 398
571, 412
574, 421
577, 429
578, 431
578, 433
578, 433
577, 432
569, 427
565, 426
564, 425
561, 420
557, 412
547, 393
532, 369
502, 328
491, 316
462, 278
448, 252
435, 228
432, 224
431, 223
431, 223
430, 222
429, 220
428, 219
427, 218
427, 218
422, 213
412, 204
365, 180
344, 171
276, 139
256, 128
200, 95
186, 78
185, 71
195, 46
220, 31
251, 21
319, 9
424, 4
493, 11
525, 16
553, 23
571, 30
573, 30
575, 31
576, 32
576, 32
576, 32
576, 32
575, 32
575, 33
575, 33
575, 33
575, 33
575, 33
575, 33
575, 33
575, 34
579, 38
615, 60
631, 68
652, 86
661, 95
665, 101
667, 103
667, 104
667, 104
667, 104
667, 104
666, 104
664, 105
662, 105
658, 105
656, 105
650, 105
647, 106
635, 108
616, 115
554, 145
488, 179
446, 199
363, 238
312, 264
250, 295
212, 318
196, 330
159, 362
131, 391
109, 418
98, 435
91, 449
84, 459
83, 462
82, 463
82, 463
82, 463
82, 463
88, 454
121, 424
154, 394
206, 339
253, 288
313, 223
329, 206
367, 164
388, 143
414, 114
431, 90
432, 87
433, 82
433, 82
433, 81
433, 81
433, 81
433, 81
433, 81
434, 81
434, 81
434, 81
434, 82
433, 84
401, 126
386, 148
344, 213
316, 277
301, 318
283, 374
279, 392
275, 424
275, 428
276, 433
276, 434
277, 434
277, 434
283, 421
295, 390
305, 364
336, 289
349, 263
392, 172
403, 148
426, 93
432, 74
434, 64
434, 61
434, 56
434, 53
434, 50
434, 50
433, 49
433, 49
432, 49
431, 50
411, 71
381, 103
336, 167
319, 200
293, 253
258, 319
246, 347
233, 384
227, 404
220, 437
218, 451
218, 457
218, 457
219, 458
219, 458
219, 458
221, 451
224, 440
229, 394
231, 351
224, 284
217, 246
200, 181
192, 156
170, 110
159, 99
128, 75
112, 69
99, 66
90, 67
87, 67
84, 67
84, 67
83, 67
83, 67
82, 67
82, 67
82, 66
82, 66
83, 66
87, 65
90, 67
91, 67
93, 68
93, 68
95, 69
96, 70
97, 71
97, 72
97, 72
97, 72
97, 72
96, 73
91, 77
85, 81
83, 82
82, 83
82, 83
82, 83
82, 84
83, 86
89, 88
95, 88
128, 90
145, 91
177, 100
187, 104
228, 123
240, 129
262, 142
267, 146
269, 148
259, 151
239, 154
198, 160
117, 170
117, 170
107, 171
104, 171
101, 171
99, 171
98, 170
97, 169
97, 169
97, 168
97, 168
96, 166
96, 165
94, 164
92, 163
79, 163
59, 167
50, 169
44, 170
43, 170
43, 170
43, 170
43, 169
56, 168
81, 167
106, 169
157, 176
202, 184
264, 201
314, 220
375, 248
429, 268
467, 285
574, 332
590, 342
616, 365
623, 377
626, 387
628, 395
629, 400
629, 401
630, 402
630, 403
621, 398
606, 387
557, 347
535, 328
505, 293
485, 267
456, 238
418, 198
396, 174
381, 160
379, 158
374, 156
369, 155
358, 153
353, 153
340, 150
335, 149
331, 148
330, 148
329, 148
329, 149
328, 152
325, 168
324, 174
323, 183
321, 209
320, 227
312, 281
307, 304
297, 346
291, 364
277, 399
265, 428
258, 458
255, 470
255, 474
255, 482
255, 483
255, 483
255, 483
255, 474
253, 455
248, 395
240, 316
226, 274
211, 246
193, 215
180, 197
151, 162
138, 149
127, 141
124, 139
120, 137
118, 136
118, 135
117, 134
116, 133
116, 133
117, 133
118, 133
119, 132
125, 131
147, 130
155, 130
173, 136
180, 138
217, 148
249, 158
254, 161
270, 179
275, 191
280, 213
283, 227
292, 272
303, 305
311, 323
339, 371
367, 413
382, 442
384, 446
387, 453
387, 454
388, 454
388, 454
388, 454
388, 452
389, 446
392, 408
394, 378
404, 292
409, 267
421, 207
430, 169
444, 125
452, 108
457, 99
457, 97
457, 96
458, 96
458, 96
458, 96
459, 96
459, 96
459, 96
459, 96
459, 96
459, 96
459, 96
458, 97
437, 109
419, 121
341, 166
275, 204
172, 270
144, 292
75, 349
34, 392
30, 399
24, 416
24, 418
24, 421
24, 421
24, 421
25, 421
48, 406
68, 391
120, 351
163, 318
231, 263
286, 210
328, 172
376, 124
391, 111
438, 69
469, 41
487, 22
492, 17
493, 16
493, 15
493, 15
493, 15
493, 15
493, 15
493, 15
493, 15
493, 16
494, 22
501, 65
504, 83
521, 149
542, 197
559, 234
575, 278
582, 304
591, 344
594, 363
595, 376
596, 386
598, 397
598, 398
599, 399
599, 399
599, 399
599, 399
599, 395
589, 374
573, 350
547, 303
529, 265
514, 216
511, 204
507, 179
505, 159
504, 121
504, 113
504, 103
503, 99
503, 96
504, 95
504, 94
505, 94
505, 94
510, 93
535, 85
586, 70
591, 68
599, 67
600, 67
600, 67
600, 67
600, 67
600, 67
600, 67
600, 67
598, 69
572, 108
543, 146
503, 207
484, 242
439, 326
424, 348
388, 405
370, 435
359, 453
355, 459
352, 462
352, 462
352, 462
352, 462
352, 462
353, 458
355, 452
362, 425
369, 398
373, 335
372, 309
360, 239
346, 202
322, 171
302, 156
248, 134
210, 124
185, 118
138, 107
133, 104
126, 100
124, 99
124, 98
124, 97
124, 97
124, 97
124, 97
124, 97
124, 97
126, 96
162, 99
207, 125
220, 140
271, 186
313, 219
383, 266
411, 280
488, 318
537, 341
587, 368
613, 385
630, 400
632, 401
633, 404
633, 404
633, 404
626, 402
615, 397
583, 379
553, 362
504, 322
481, 297
460, 279
401, 236
366, 214
326, 186
267, 149
239, 125
224, 113
210, 103
185, 96
169, 94
147, 94
138, 93
136, 92
133, 90
132, 90
131, 89
131, 88
131, 88
130, 87
130, 87
130, 87
131, 87
132, 88
141, 108
151, 129
181, 168
216, 213
230, 232
262, 273
275, 286
314, 320
339, 342
364, 371
370, 378
382, 394
384, 397
387, 404
387, 406
387, 406
387, 406
387, 406
387, 404
387, 385
387, 366
389, 311
389, 290
388, 219
388, 155
389, 138
394, 100
395, 90
397, 83
398, 81
410, 71
423, 61
443, 45
466, 21
472, 14
473, 12
475, 9
476, 9
477, 9
477, 10
478, 11
482, 21
485, 33
486, 55
484, 76
475, 120
471, 140
466, 183
460, 226
459, 241
454, 283
451, 311
449, 345
447, 365
444, 398
442, 408
435, 429
430, 439
425, 447
424, 448
423, 449
423, 449
423, 449
422, 447
422, 434
435, 389
448, 360
459, 336
491, 268
523, 212
542, 179
565, 124
571, 105
583, 66
585, 57
586, 54
586, 53
586, 50
586, 50
586, 49
585, 49
585, 49
585, 49
585, 49
584, 48
584, 47
582, 48
580, 49
553, 62
537, 71
478, 99
440, 116
345, 157
275, 193
192, 240
155, 266
105, 314
84, 344
74, 362
55, 392
49, 403
45, 410
43, 414
41, 420
41, 421
41, 421
41, 421
43, 417
50, 409
65, 388
70, 381
83, 356
91, 336
108, 296
134, 241
152, 206
167, 166
170, 156
172, 138
172, 125
168, 109
163, 102
155, 95
153, 94
145, 89
142, 86
132, 79
116, 72
110, 71
92, 69
84, 68
76, 65
73, 62
69, 58
64, 50
60, 45
59, 43
57, 39
56, 38
54, 35
54, 33
52, 30
51, 29
51, 28
51, 28
50, 28
50, 29
49, 30
49, 33
48, 35
49, 39
52, 45
70, 74
91, 118
102, 143
133, 210
152, 240
165, 260
200, 313
216, 337
242, 379
266, 409
269, 415
275, 426
276, 428
277, 430
277, 430
276, 429
275, 416
267, 368
262, 341
250, 289
239, 246
230, 222
218, 175
214, 156
203, 105
196, 81
190, 69
184, 62
183, 61
179, 59
178, 59
178, 60
177, 60
176, 61
176, 62
175, 63
172, 66
169, 69
165, 73
163, 76
162, 77
161, 78
161, 78
158, 79
155, 81
153, 81
153, 81
152, 81
152, 81
152, 81
153, 81
154, 80
156, 80
158, 80
161, 80
162, 81
163, 82
165, 83
166, 84
167, 85
166, 88
155, 106
143, 118
116, 139
80, 163
76, 165
72, 167
71, 167
71, 167
71, 167
72, 166
77, 162
85, 158
113, 145
133, 137
164, 129
199, 122
245, 118
307, 120
350, 126
388, 139
420, 154
443, 167
479, 206
485, 218
495, 263
495, 308
493, 324
489, 371
487, 397
486, 424
485, 430
483, 442
483, 442
483, 443
482, 443
482, 443
481, 443
476, 437
460, 416
452, 399
430, 352
418, 328
395, 303
378, 289
357, 274
295, 228
273, 213
259, 209
226, 213
226, 213
226, 213
226, 213
226, 213
226, 213
226, 213
226, 213
226, 213
226, 213
226, 213
226, 213
226, 213
226, 213
224, 212
202, 188
189, 177
157, 148
135, 125
123, 112
104, 93
96, 88
71, 74
69, 73
66, 71
66, 71
66, 71
66, 71
64, 82
64, 91
71, 128
97, 183
105, 202
126, 261
131, 279
139, 328
145, 360
146, 379
148, 410
150, 429
151, 442
152, 452
152, 453
153, 454
153, 455
153, 455
153, 455
155, 452
156, 449
159, 443
161, 438
162, 436
165, 432
166, 430
172, 421
174, 417
175, 414
176, 412
179, 402
180, 397
188, 373
196, 345
202, 307
209, 255
212, 231
216, 201
217, 193
218, 189
218, 188
218, 187
220, 183
222, 180
229, 170
244, 154
255, 143
276, 123
280, 120
282, 119
282, 119
283, 119
283, 119
283, 120
279, 123
264, 139
225, 178
215, 192
176, 241
139, 283
83, 352
67, 375
19, 436
-20, 489
-33, 510
-42, 530
-47, 543
-47, 545
-47, 546
-47, 546
-46, 537
-40, 510
-19, 453
-11, 435
10, 387
14, 376
28, 309
31, 291
37, 257
43, 209
46, 174
47, 164
48, 152
48, 148
48, 146
48, 145
48, 145
48, 144
48, 144
48, 144
49, 144
49, 144
54, 143
56, 142
74, 137
82, 134
107, 127
115, 125
119, 124
121, 123
121, 123
124, 122
126, 122
130, 120
131, 120
132, 120
133, 120
141, 120
147, 120
167, 124
181, 129
204, 142
238, 167
263, 186
308, 233
323, 254
347, 292
363, 315
386, 345
415, 376
430, 392
451, 415
462, 425
464, 427
468, 429
469, 429
471, 430
471, 430
471, 430
471, 430
471, 430
471, 429
471, 428
469, 426
467, 424
463, 421
460, 417
448, 400
437, 387
409, 341
394, 304
389, 261
388, 226
388, 212
387, 183
387, 173
384, 154
382, 149
381, 148
381, 147
380, 147
379, 147
379, 147
378, 147
378, 148
378, 148
378, 148
378, 148
378, 148
378, 148
378, 148
378, 148
378, 148
379, 148
379, 148
380, 148
381, 148
390, 149
398, 154
418, 181
434, 214
462, 271
485, 313
513, 369
533, 429
538, 454
546, 507
545, 519
542, 542
541, 546
539, 545
535, 541
525, 530
498, 492
476, 432
470, 378
463, 301
450, 224
432, 176
387, 129
371, 119
342, 99
333, 92
328, 84
327, 82
327, 81
327, 80
327, 79
327, 79
327, 79
327, 79
327, 79
327, 79
326, 77
326, 74
325, 69
325, 68
323, 66
322, 65
322, 65
321, 64
321, 64
295, 75
267, 89
213, 125
166, 159
102, 219
80, 241
19, 300
-13, 336
-52, 383
-63, 398
-96, 443
-110, 463
-112, 466
-113, 473
-113, 475
-112, 476
-112, 476
-111, 476
-110, 475
-107, 471
-101, 464
-77, 425
-65, 402
-41, 355
-19, 324
40, 251
56, 233
109, 176
144, 148
160, 136
164, 134
164, 134
164, 134
164, 134
164, 134
164, 134
164, 134
164, 134
164, 134
164, 134
164, 134
164, 134
164, 134
164, 134
164, 134
164, 134
164, 134
164, 134
164, 134
164, 134
164, 134
164, 134
164, 134
164, 134
164, 134
164, 134
164, 134
157, 133
154, 131
154, 129
159, 104
162, 96
170, 76
173, 73
173, 71
174, 71
174, 71
174, 71
174, 71
176, 70
176, 70
177, 70
177, 73
178, 75
190, 85
226, 128
237, 151
272, 224
291, 259
326, 318
340, 340
360, 374
368, 386
374, 393
376, 394
377, 395
378, 395
378, 395
378, 395
378, 395
378, 395
378, 395
378, 395
378, 395
378, 395
378, 395
378, 395
378, 395
378, 395
378, 395
378, 395
378, 393
378, 393
385, 359
393, 339
426, 278
450, 241
470, 207
477, 196
479, 190
479, 186
479, 182
479, 179
478, 172
476, 162
475, 154
472, 144
470, 139
468, 135
467, 134
463, 128
462, 125
460, 116
459, 111
458, 104
458, 99
458, 95
458, 90
457, 86
457, 86
457, 85
457, 85
457, 85
457, 85
456, 84
456, 84
457, 85
458, 86
458, 86
458, 86
458, 86
458, 86
458, 86
458, 86
458, 86
458, 86
458, 86
458, 86
458, 86
458, 86
458, 86
458, 86
458, 86
458, 86
458, 86
458, 86
458, 86
458, 86
458, 86
458, 86
458, 86
458, 86
458, 86
458, 86
458, 86
458, 86
458, 86
458, 86
458, 86
458, 86
458, 86
458, 86
458, 86
458, 86
458, 86
458, 86
458, 86
457, 86
457, 86
456, 86
456, 86
456, 86
455, 87
454, 87
453, 88
451, 88
451, 88
449, 88
447, 88
446, 88
442, 88
441, 88
438, 88
438, 88
436, 88
436, 88
435, 88
435, 88
434, 88
411, 98
405, 100
395, 104
395, 104
394, 104
394, 104
394, 104
393, 103
393, 103
393, 103
392, 103
390, 103
387, 102
385, 101
384, 100
382, 97
381, 95
379, 93
378, 92
371, 87
361, 79
349, 71
343, 67
332, 61
330, 60
327, 60
325, 60
323, 60
317, 58
311, 57
299, 56
296, 56
291, 56
287, 55
284, 55
280, 54
279, 54
278, 53
276, 53
273, 53
265, 53
261, 53
246, 55
243, 56
236, 57
232, 57
216, 57
206, 57
193, 57
190, 57
183, 57
182, 57
179, 57
177, 57
174, 57
173, 58
173, 58
173, 58
173, 58
173, 58
173, 58
173, 58
173, 58
173, 58
173, 58
173, 58
173, 58
172, 60
171, 64
171, 66
169, 74
169, 78
169, 83
169, 86
169, 89
169, 91
169, 92
169, 94
168, 95
167, 97
165, 99
162, 103
160, 104
157, 108
156, 109
155, 113
154, 114
151, 121
149, 129
149, 135
148, 143
149, 146
151, 149
152, 153
153, 156
155, 160
156, 161
158, 165
159, 170
161, 174
165, 181
167, 184
168, 186
168, 186
171, 190
171, 191
175, 196
179, 202
181, 204
186, 208
188, 209
192, 212
193, 212
194, 212
194, 212
194, 213
195, 213
196, 214
197, 214
198, 214
198, 214
198, 214
198, 214
199, 215
202, 216
202, 217
205, 219
206, 221
208, 223
210, 225
213, 229
214, 231
217, 234
218, 236
220, 236
220, 236
220, 236
220, 236
220, 236
220, 236
220, 236
220, 236
220, 236
220, 236
220, 236
220, 236
220, 236
220, 236
220, 236
220, 236
220, 236
220, 235
220, 235
221, 235
221, 234
221, 234
221, 234
221, 233
221, 233
221, 233
221, 233
222, 232
223, 232
225, 231
227, 231
230, 231
233, 231
234, 231
235, 231
235, 232
235, 232
235, 232
235, 232
235, 231
235, 231
235, 231
235, 231
235, 231
236, 231
236, 230
237, 230
239, 230
240, 230
240, 230
240, 230
240, 229
240, 229
240, 229
239, 229
237, 228
235, 227
232, 226
226, 221
223, 218
212, 211
209, 209
203, 204
201, 204
197, 203
197, 203
195, 203
195, 203
195, 204
195, 204
195, 205
196, 206
196, 207
196, 208
196, 208
195, 209
193, 209
181, 208
147, 206
119, 204
99, 202
90, 201
80, 199
67, 199
58, 200
55, 201
54, 202
52, 203
52, 205
52, 208
52, 210
52, 211
52, 213
52, 216
53, 219
54, 222
58, 229
61, 234
64, 237
70, 241
72, 244
78, 253
83, 259
85, 262
90, 267
93, 270
102, 277
105, 278
106, 279
107, 280
108, 280
108, 279
108, 279
111, 278
114, 277
116, 277
119, 276
119, 275
120, 275
120, 275
120, 274
120, 274
120, 274
119, 274
119, 274
118, 274
117, 274
116, 274
116, 275
115, 276
115, 277
115, 279
115, 279
115, 283
115, 284
114, 289
114, 292
114, 292
114, 292
114, 292
114, 292
114, 292
114, 292
114, 292
114, 292
114, 292
114, 292
114, 292
114, 293
114, 312
110, 366
107, 387
102, 422
99, 446
97, 453
97, 459
97, 463
97, 464
97, 465
97, 465
97, 465
98, 466
98, 466
99, 466
101, 464
119, 458
133, 453
173, 440
190, 432
246, 400
290, 376
301, 370
303, 368
304, 368
304, 368
304, 368
304, 368
304, 368
304, 368
304, 367
305, 367
305, 367
305, 366
305, 365
308, 359
314, 351
337, 329
351, 318
355, 315
355, 314
356, 314
356, 314
355, 313
355, 313
355, 313
355, 313
354, 313
354, 314
352, 315
347, 319
342, 323
326, 338
310, 350
260, 374
232, 384
192, 399
177, 403
168, 404
161, 404
160, 404
155, 403
150, 403
145, 403
144, 402
143, 402
143, 401
142, 401
142, 401
142, 401
141, 401
140, 401
139, 401
139, 401
139, 401
139, 401
139, 401
139, 401
139, 401
139, 400
139, 400
139, 400
140, 399
140, 398
140, 397
140, 396
141, 393
142, 388
142, 387
143, 387
143, 386
143, 386
143, 386
143, 386
143, 386
143, 386
145, 379
148, 371
159, 347
169, 330
176, 319
188, 305
189, 304
191, 304
191, 305
192, 305
196, 306
201, 307
225, 307
241, 310
292, 320
325, 325
365, 327
420, 332
451, 334
479, 335
500, 336
529, 341
534, 342
544, 343
556, 344
566, 345
590, 347
608, 349
612, 351
614, 352
615, 353
615, 354
615, 356
617, 362
619, 366
624, 378
629, 388
631, 391
635, 397
643, 411
643, 413
643, 413
643, 414
643, 414
643, 416
643, 416
643, 416
643, 416
643, 416
642, 416
642, 416
641, 416
641, 416
640, 415
640, 415
640, 414
640, 413
639, 411
639, 409
638, 407
637, 405
636, 401
635, 396
625, 367
604, 327
598, 320
584, 306
575, 299
566, 288
564, 286
563, 284
563, 283
562, 283
562, 283
556, 284
538, 286
525, 287
521, 287
515, 287
514, 287
511, 287
507, 287
502, 286
498, 285
496, 284
493, 283
491, 282
487, 280
484, 277
481, 275
478, 275
474, 273
470, 272
458, 271
447, 271
397, 265
378, 262
340, 256
316, 253
299, 250
267, 248
259, 248
234, 253
227, 255
208, 263
203, 267
189, 280
181, 289
168, 313
150, 356
143, 377
130, 416
125, 432
119, 451
117, 456
117, 459
117, 459
117, 459
117, 460
117, 460
117, 460
118, 459
118, 459
119, 459
119, 459
122, 459
128, 457
180, 433
201, 422
272, 381
297, 372
379, 342
405, 334
483, 311
489, 308
491, 308
491, 308
491, 308
491, 307
491, 307
491, 305
490, 304
490, 303
490, 301
490, 301
490, 299
490, 298
491, 295
492, 294
496, 293
499, 292
502, 291
504, 291
507, 290
514, 288
519, 288
523, 287
526, 286
529, 285
529, 285
530, 284
530, 284
531, 283
531, 283
531, 282
531, 281
531, 280
529, 278
526, 277
515, 274
481, 269
455, 269
444, 271
434, 275
431, 277
418, 289
403, 302
369, 334
354, 351
330, 383
321, 398
317, 406
317, 407
316, 410
316, 412
316, 413
316, 414
316, 418
316, 428
316, 432
316, 434
316, 435
317, 435
317, 435
317, 434
317, 434
316, 433
314, 429
301, 415
275, 396
257, 382
246, 372
222, 346
207, 332
182, 313
177, 308
172, 303
171, 302
171, 301
171, 301
171, 300
171, 300
171, 300
172, 300
172, 299
172, 298
171, 296
170, 292
170, 289
170, 286
170, 285
171, 285
171, 285
172, 284
178, 284
186, 284
203, 284
217, 284
239, 280
246, 280
262, 280
270, 280
279, 281
282, 281
289, 279
304, 272
307, 272
308, 271
309, 271
310, 272
310, 272
314, 273
316, 273
321, 277
322, 279
325, 284
326, 287
326, 291
326, 295
326, 297
327, 301
328, 303
328, 305
328, 307
328, 310
328, 314
327, 316
327, 317
327, 319
328, 327
330, 339
331, 348
333, 352
334, 354
335, 355
339, 356
340, 356
344, 356
347, 355
353, 354
359, 353
367, 352
371, 351
387, 347
394, 343
397, 343
399, 342
400, 342
400, 342
400, 342
400, 342
401, 341
401, 341
401, 341
401, 341
401, 342
401, 342
400, 342
400, 342
400, 343
399, 343
399, 343
400, 342
402, 341
403, 341
407, 340
411, 339
428, 338
437, 335
461, 330
468, 329
493, 331
500, 332
507, 334
509, 335
514, 339
515, 340
515, 342
515, 345
515, 347
516, 367
517, 377
520, 399
520, 409
520, 436
520, 442
521, 454
523, 460
523, 462
523, 463
523, 463
523, 463
523, 463
522, 462
522, 461
520, 457
517, 451
479, 418
457, 403
409, 365
368, 336
313, 301
273, 280
235, 262
194, 238
189, 234
182, 227
180, 224
179, 223
177, 221
177, 220
176, 219
176, 219
176, 218
176, 218
176, 218
177, 218
177, 217
178, 218
178, 218
178, 220
178, 222
177, 226
170, 245
157, 276
122, 331
91, 375
54, 434
47, 449
40, 470
39, 474
39, 474
39, 475
40, 475
40, 474
40, 474
42, 472
44, 470
61, 462
72, 456
104, 439
128, 424
145, 414
202, 374
259, 321
293, 287
331, 254
339, 247
357, 232
359, 229
365, 222
368, 218
370, 216
370, 215
370, 214
370, 214
371, 213
372, 212
372, 211
376, 209
379, 207
380, 207
381, 207
382, 208
385, 210
386, 211
388, 212
392, 214
395, 217
396, 218
398, 219
399, 220
400, 221
400, 221
400, 221
400, 221
400, 221
401, 220
405, 214
414, 204
435, 180
467, 148
478, 138
482, 135
483, 134
483, 134
483, 134
483, 134
483, 135
483, 136
483, 136
483, 141
484, 143
487, 148
490, 152
493, 157
494, 159
496, 161
498, 162
500, 165
504, 168
508, 171
511, 172
511, 172
513, 174
513, 174
512, 174
512, 174
512, 174
512, 174
512, 174
511, 172
511, 172
511, 171
511, 171
511, 171
511, 171
511, 171
512, 172
512, 173
511, 175
515, 180
519, 186
526, 202
526, 209
526, 215
526, 218
526, 223
526, 228
526, 239
526, 244
526, 249
526, 251
526, 254
526, 256
526, 257
526, 258
526, 258
526, 258
526, 258
526, 258
526, 258
526, 258
526, 258
526, 258
526, 258
526, 257
526, 256
526, 253
526, 251
526, 245
526, 244
526, 244
526, 246
526, 248
526, 260
526, 279
526, 342
526, 388
526, 444
526, 482
526, 517
526, 524
526, 540
526, 542
526, 542
526, 542
526, 542
526, 542
526, 542
526, 542
526, 542
526, 542
526, 542
526, 542
526, 542
526, 542
526, 542
526, 542
526, 542
526, 542
526, 542
526, 542
526, 542
526, 542
526, 542
526, 542
526, 542
363, 478
339, 465
328, 458
322, 453
319, 451
314, 445
313, 444
309, 441
300, 433
298, 431
283, 416
276, 411
251, 402
232, 397
209, 395
201, 394
184, 391
184, 391
184, 391
184, 391
184, 391
184, 391
184, 391
184, 391
184, 391
184, 391
184, 391
180, 386
176, 377
162, 348
156, 341
142, 328
133, 321
132, 319
131, 319
131, 318
131, 318
131, 318
131, 318
131, 318
129, 318
128, 317
128, 317
130, 315
132, 313
138, 309
160, 297
174, 289
202, 277
216, 275
246, 278
266, 284
280, 294
289, 306
296, 318
307, 341
310, 348
315, 362
323, 382
325, 403
325, 403
326, 412
326, 415
326, 422
326, 424
326, 426
326, 426
326, 426
328, 426
328, 424
330, 420
331, 417
338, 398
345, 382
362, 331
370, 296
379, 258
385, 238
386, 225
386, 222
386, 222
386, 221
386, 221
386, 221
386, 221
387, 221
387, 220
387, 218
387, 217
388, 216
388, 216
387, 217
386, 218
385, 220
380, 223
337, 244
290, 262
220, 292
129, 341
105, 354
53, 384
42, 393
39, 397
40, 397
41, 397
41, 397
41, 397
41, 396
42, 392
44, 389
53, 376
59, 363
67, 331
71, 311
73, 287
75, 256
76, 243
76, 241
76, 239
74, 237
73, 237
72, 235
72, 235
72, 235
72, 235
72, 235
72, 235
72, 235
72, 235
72, 234
73, 233
74, 229
74, 228
74, 227
74, 226
74, 226
74, 224
74, 224
75, 223
75, 222
75, 222
75, 222
75, 222
76, 222
76, 222
78, 222
81, 222
85, 222
91, 223
107, 229
145, 250
188, 273
242, 296
278, 308
308, 317
334, 323
382, 335
412, 345
449, 365
458, 373
490, 396
492, 399
494, 402
495, 404
495, 406
495, 408
495, 410
495, 410
495, 411
495, 411
495, 411
495, 411
495, 411
495, 411
495, 411
493, 410
454, 391
398, 358
371, 347
301, 322
257, 308
204, 288
195, 283
183, 273
180, 271
174, 268
170, 266
166, 264
163, 262
161, 260
155, 255
154, 253
151, 247
151, 245
150, 242
149, 241
147, 239
147, 238
144, 237
143, 236
142, 236
142, 236
142, 236
142, 236
143, 239
148, 252
167, 288
200, 335
224, 369
246, 405
252, 418
264, 449
264, 451
264, 453
264, 453
264, 453
264, 453
264, 451
264, 447
264, 442
263, 427
261, 407
255, 364
254, 349
251, 307
251, 279
250, 244
250, 237
249, 227
248, 225
248, 224
248, 223
248, 223
248, 224
248, 224
247, 224
247, 225
247, 225
246, 226
246, 226
246, 226
247, 227
256, 233
275, 239
334, 261
351, 273
406, 306
444, 326
460, 336
489, 360
498, 370
504, 377
505, 377
505, 378
505, 378
505, 378
505, 378
505, 378
505, 378
505, 378
504, 378
504, 378
505, 377
505, 377
504, 375
501, 366
481, 332
474, 318
445, 267
429, 239
420, 222
411, 206
411, 204
410, 202
410, 201
409, 201
409, 201
409, 201
409, 201
408, 202
408, 202
408, 203
408, 205
408, 207
408, 209
404, 223
378, 277
339, 321
304, 364
266, 425
249, 460
236, 490
233, 498
232, 502
232, 502
233, 501
233, 501
233, 501
233, 501
233, 501
300, 454
361, 408
386, 384
426, 351
453, 330
478, 310
488, 299
497, 288
498, 287
501, 284
502, 282
505, 279
507, 277
508, 276
508, 276
508, 276
515, 277
518, 278
522, 283
522, 285
522, 292
522, 294
522, 295
522, 295
522, 295
522, 295
522, 295
522, 295
522, 295
522, 295
522, 295
522, 294
522, 294
522, 293
522, 293
522, 292
522, 292
522, 292
522, 292
522, 292
522, 292
522, 292
522, 292
522, 292
522, 292
522, 292
523, 292
524, 292
528, 293
531, 294
533, 298
534, 299
539, 303
544, 306
548, 309
549, 310
554, 314
556, 316
556, 316
559, 317
561, 318
568, 322
577, 329
590, 338
594, 342
596, 343
597, 343
597, 343
597, 343
597, 343
597, 343
597, 343
606, 361
617, 390
623, 415
623, 418
623, 419
624, 419
623, 417
623, 415
619, 406
612, 393
594, 370
581, 356
567, 340
554, 326
552, 323
535, 313
526, 310
518, 308
515, 308
506, 307
501, 307
498, 308
495, 309
491, 313
485, 323
481, 332
475, 342
464, 361
456, 373
451, 381
451, 381
452, 381
452, 381
455, 379
463, 369
473, 361
502, 334
555, 291
572, 279
583, 270
604, 247
606, 244
606, 243
606, 243
605, 243
604, 242
604, 241
603, 240
601, 240
598, 242
595, 245
584, 250
539, 268
465, 288
409, 298
376, 304
309, 316
275, 326
246, 335
226, 341
219, 344
197, 354
191, 358
185, 363
181, 366
179, 367
176, 368
175, 369
173, 369
172, 369
172, 369
172, 369
172, 369
172, 369
172, 370
173, 371
174, 380
177, 408
179, 419
180, 451
182, 472
182, 498
182, 513
183, 541
183, 544
183, 544
183, 545
183, 545
183, 545
183, 544
183, 543
183, 543
184, 540
185, 538
187, 533
195, 514
196, 507
206, 467
210, 452
212, 434
216, 393
217, 381
217, 361
217, 357
217, 350
218, 342
225, 316
228, 311
232, 301
234, 299
234, 299
235, 298
237, 296
244, 287
248, 280
263, 261
268, 257
272, 254
276, 253
280, 253
297, 251
299, 251
302, 251
303, 252
304, 252
304, 252
304, 252
304, 253
304, 253
304, 253
304, 253
304, 253
307, 255
309, 256
316, 260
324, 262
325, 263
327, 263
328, 264
331, 266
331, 267
333, 268
336, 270
338, 272
338, 273
339, 276
339, 277
338, 280
337, 283
326, 306
315, 326
290, 372
274, 405
250, 452
234, 486
226, 501
220, 511
220, 512
220, 512
220, 512
220, 512
220, 511
221, 510
221, 510
238, 469
251, 436
276, 367
301, 310
315, 277
322, 256
322, 254
322, 250
322, 248
322, 244
323, 243
323, 243
323, 243
322, 242
322, 242
322, 242
322, 241
322, 240
322, 240
322, 241
323, 242
325, 246
330, 256
336, 268
361, 322
371, 351
386, 403
394, 431
403, 463
403, 465
403, 468
403, 468
405, 467
406, 466
414, 454
432, 417
444, 394
466, 353
476, 334
492, 296
503, 269
519, 229
533, 200
552, 170
555, 164
565, 154
566, 153
567, 153
568, 153
569, 153
572, 157
574, 160
576, 162
576, 163
577, 166
578, 168
581, 182
583, 195
583, 217
583, 219
583, 221
582, 221
582, 222
581, 223
579, 225
578, 226
577, 227
575, 228
575, 229
574, 228
573, 228
571, 227
568, 225
556, 222
540, 220
475, 221
428, 223
328, 232
295, 237
206, 253
147, 274
128, 286
114, 298
95, 316
82, 333
76, 343
56, 388
53, 411
53, 421
56, 439
59, 446
61, 448
68, 453
73, 456
77, 458
80, 458
81, 458
83, 457
88, 454
88, 454
88, 454
88, 454
88, 454
88, 454
88, 454
88, 454
88, 454
88, 454
88, 454
89, 453
98, 437
116, 409
177, 326
193, 301
224, 244
225, 239
227, 234
226, 231
225, 231
224, 228
223, 226
221, 222
215, 215
210, 212
206, 211
202, 209
195, 204
193, 201
188, 189
185, 170
185, 158
185, 149
185, 147
185, 147
186, 146
187, 146
187, 146
187, 146
187, 146
187, 146
187, 146
187, 146
187, 146
187, 146
187, 146
187, 146
187, 146
187, 146
201, 157
253, 194
271, 212
319, 272
347, 314
377, 368
395, 404
410, 441
411, 446
412, 451
413, 455
413, 455
413, 456
413, 456
409, 449
383, 418
358, 371
345, 336
316, 251
303, 217
285, 167
275, 142
264, 116
256, 94
253, 88
252, 85
252, 85
252, 84
252, 84
252, 84
252, 84
252, 85
252, 86
252, 86
252, 87
253, 88
254, 90
256, 91
260, 92
264, 94
271, 97
275, 100
276, 102
277, 103
277, 104
277, 107
277, 110
275, 125
273, 130
244, 157
215, 181
168, 228
131, 271
96, 308
51, 360
41, 376
23, 418
17, 438
15, 451
15, 459
15, 467
15, 469
16, 470
16, 470
16, 470
16, 470
16, 470
16, 470
16, 470
16, 470
16, 470
16, 470
16, 470
16, 470
16, 470
16, 470
16, 470
16, 470
16, 470
16, 470
16, 470
16, 470
16, 470
16, 470
16, 470
16, 470
16, 470
16, 470
16, 470
16, 470
16, 470
16, 470
16, 470
16, 470
16, 470
16, 470
16, 470
16, 470
16, 468
30, 447
78, 388
172, 287
248, 215
329, 146
339, 136
345, 133
346, 133
347, 132
347, 132
347, 132
347, 132
347, 131
346, 129
346, 129
345, 128
344, 126
340, 119
339, 114
337, 105
337, 78
338, 63
338, 59
338, 58
338, 58
338, 58
338, 58
338, 58
338, 58
338, 58
338, 58
338, 58
338, 58
338, 58
338, 58
338, 58
338, 58
338, 58
337, 59
336, 59
330, 67
319, 79
299, 111
280, 140
254, 196
238, 248
226, 289
211, 340
197, 379
189, 400
172, 453
168, 472
165, 496
166, 499
167, 499
173, 498
181, 492
204, 473
217, 464
231, 452
237, 445
274, 408
289, 393
337, 341
348, 328
363, 311
384, 284
405, 261
446, 216
459, 198
494, 148
518, 118
540, 92
548, 83
550, 79
550, 79
549, 79
549, 79
549, 79
549, 78
549, 78
547, 73
546, 72
544, 71
543, 71
542, 71
540, 69
539, 69
537, 68
532, 67
529, 67
525, 68
502, 81
471, 103
431, 154
420, 173
383, 230
356, 268
324, 319
309, 345
302, 361
291, 390
289, 394
286, 402
286, 404
285, 405
285, 406
285, 406
285, 406
285, 405
291, 394
300, 376
341, 312
376, 267
438, 193
457, 175
492, 141
526, 106
542, 87
559, 66
562, 62
563, 61
563, 60
563, 60
563, 60
563, 60
563, 60
563, 60
563, 60
563, 60
563, 61
558, 66
517, 96
469, 124
377, 167
329, 192
251, 236
195, 269
129, 315
86, 348
59, 372
38, 398
28, 411
19, 427
18, 429
16, 437
16, 438
17, 440
17, 441
19, 442
29, 436
46, 423
93, 388
110, 373
164, 325
180, 311
234, 264
248, 251
270, 228
288, 207
291, 202
291, 201
291, 201
292, 201
292, 201
292, 200
292, 201
292, 201
292, 201
292, 201
292, 201
292, 201
292, 201
292, 201
292, 201
292, 201
292, 201
292, 201
289, 201
274, 196
211, 184
172, 174
110, 149
82, 124
63, 102
54, 78
52, 74
51, 73
51, 72
51, 72
50, 72
50, 72
50, 71
50, 71
50, 71
50, 71
52, 71
64, 70
80, 70
98, 70
105, 71
110, 73
116, 76
123, 83
147, 108
163, 143
171, 170
186, 243
190, 276
199, 329
208, 366
219, 409
222, 418
228, 433
232, 439
233, 440
233, 441
233, 441
233, 441
233, 441
227, 413
225, 396
215, 344
206, 314
191, 291
159, 256
139, 228
115, 176
110, 157
99, 112
94, 96
89, 73
89, 70
89, 63
89, 62
89, 60
89, 59
89, 59
89, 59
89, 59
90, 59
94, 59
109, 68
117, 83
129, 120
135, 141
147, 171
172, 216
180, 232
198, 285
202, 298
211, 336
218, 370
219, 388
220, 414
221, 420
225, 436
226, 439
228, 443
229, 445
230, 447
230, 447
232, 446
232, 443
232, 442
231, 438
228, 434
215, 396
211, 372
198, 300
191, 264
172, 200
143, 134
131, 113
123, 98
107, 67
104, 61
102, 58
102, 57
102, 56
101, 55
101, 54
101, 54
100, 54
99, 53
99, 52
93, 50
82, 49
54, 48
46, 48
32, 47
28, 46
28, 46
28, 47
28, 49
32, 57
40, 65
75, 96
87, 110
123, 156
166, 203
199, 234
231, 273
248, 303
261, 345
263, 356
267, 383
269, 391
269, 394
269, 395
269, 395
269, 395
267, 390
262, 380
257, 372
255, 370
253, 367
251, 361
245, 344
241, 318
241, 304
239, 284
239, 279
239, 273
240, 267
244, 252
248, 239
249, 236
250, 231
250, 229
251, 228
252, 226
253, 223
254, 222
254, 222
254, 222
254, 221
254, 221
260, 210
268, 196
309, 147
339, 118
386, 72
414, 45
420, 39
420, 39
421, 39
421, 39
419, 39
418, 40
417, 41
414, 44
411, 47
397, 58
389, 63
367, 80
352, 92
336, 107
329, 113
327, 114
326, 115
326, 115
323, 125
319, 140
314, 157
300, 199
283, 242
261, 288
238, 333
214, 389
210, 404
204, 441
204, 450
205, 461
206, 467
207, 471
208, 473
208, 473
209, 473
211, 473
212, 471
214, 468
224, 448
245, 400
253, 377
272, 318
278, 289
280, 266
281, 259
283, 228
289, 186
293, 164
294, 157
295, 144
296, 144
296, 144
296, 144
296, 144
296, 144
296, 144
296, 144
296, 144
296, 144
296, 144
296, 144
296, 144
296, 144
296, 144
296, 143
320, 132
422, 86
507, 56
520, 52
536, 48
537, 48
537, 48
536, 47
531, 43
529, 41
527, 39
527, 39
525, 39
523, 39
523, 39
488, 59
438, 89
409, 109
354, 158
298, 209
263, 242
250, 256
216, 313
211, 329
208, 344
207, 359
207, 372
210, 384
211, 388
215, 393
219, 396
224, 399
228, 401
239, 401
252, 401
259, 401
264, 400
265, 400
269, 397
270, 396
271, 394
272, 393
272, 393
272, 392
272, 390
272, 376
272, 374
272, 370
271, 368
269, 361
268, 352
265, 322
261, 302
257, 287
252, 265
246, 235
239, 190
235, 153
234, 143
234, 141
236, 137
242, 133
288, 113
310, 105
371, 89
411, 82
474, 76
497, 73
552, 62
570, 57
596, 48
601, 47
603, 47
603, 47
603, 46
603, 46
603, 45
603, 43
603, 41
604, 39
604, 38
604, 38
604, 38
604, 38
604, 38
602, 39
566, 64
507, 102
435, 147
367, 190
337, 209
260, 263
215, 298
153, 349
136, 367
98, 411
82, 431
63, 454
56, 461
53, 463
50, 464
49, 464
48, 464
48, 464
48, 464
49, 464
52, 462
54, 459
65, 451
69, 447
83, 432
111, 396
125, 378
169, 323
200, 279
209, 265
217, 251
219, 245
223, 238
236, 217
248, 202
253, 197
253, 197
253, 197
253, 197
253, 197
253, 197
253, 197
253, 197
253, 197
253, 197
253, 197
253, 197
253, 197
253, 197
253, 197
253, 197
253, 197
253, 197
253, 197
253, 197
253, 197
253, 197
253, 197
253, 197
253, 197
253, 197
253, 197
256, 194
257, 192
265, 177
269, 165
275, 148
278, 142
290, 117
296, 107
304, 93
305, 92
306, 91
314, 88
337, 81
363, 73
371, 70
380, 68
380, 68
400, 66
431, 64
443, 64
452, 64
458, 65
462, 67
465, 67
467, 68
469, 69
470, 70
472, 71
472, 71
472, 71
472, 72
472, 73
472, 73
472, 74
472, 74
472, 74
472, 74
472, 74
472, 74
471, 72
471, 59
471, 47
470, 23
470, 18
469, 17
469, 16
468, 16
468, 16
468, 16
468, 16
467, 16
466, 16
465, 17
465, 17
464, 17
435, 44
404, 73
332, 139
296, 172
211, 247
175, 278
98, 333
79, 348
38, 389
21, 407
10, 418
8, 421
8, 423
8, 423
8, 423
14, 418
23, 409
35, 393
44, 379
61, 362
84, 341
131, 287
179, 217
197, 196
240, 143
257, 123
263, 116
266, 112
268, 109
268, 108
269, 108
269, 108
270, 110
270, 110
270, 110
270, 110
270, 110
270, 110
270, 110
270, 110
270, 110
270, 110
270, 110
270, 110
270, 110
270, 110
270, 110
270, 110
270, 110
269, 110
269, 109
270, 107
272, 104
272, 104
273, 103
273, 103
273, 103
273, 103
273, 103
273, 102
273, 102
273, 102
273, 102
273, 102
273, 102
273, 102
273, 102
275, 102
303, 88
327, 76
355, 58
389, 38
406, 28
444, 0
452, -7
454, -8
454, -8
454, -8
454, -8
454, -8
455, -8
454, -8
454, -7
454, -6
454, -5
452, 4
447, 11
422, 42
386, 89
374, 107
331, 161
297, 197
251, 253
238, 267
203, 304
179, 325
167, 334
121, 367
111, 373
100, 379
98, 381
89, 382
80, 382
78, 382
78, 382
77, 382
77, 382
77, 381
77, 381
78, 381
78, 380
79, 379
81, 378
82, 377
85, 376
91, 368
98, 358
105, 346
106, 344
111, 336
127, 313
149, 282
181, 248
196, 234
211, 218
216, 211
225, 195
234, 182
266, 146
277, 134
312, 102
334, 84
377, 54
423, 29
475, 6
487, 2
520, -6
530, -7
531, -7
532, -7
532, -7
532, -7
532, -7
531, -7
530, -7
524, -3
485, 37
472, 52
430, 99
396, 133
350, 185
332, 203
270, 257
252, 273
200, 315
160, 336
108, 365
97, 373
80, 390
78, 392
78, 393
78, 393
78, 393
78, 393
78, 393
78, 393
78, 393
78, 392
86, 377
95, 364
104, 352
121, 334
125, 331
139, 317
152, 302
186, 256
201, 231
228, 192
243, 171
273, 131
293, 106
317, 74
346, 44
358, 38
397, 22
419, 13
442, 2
457, -6
476, -16
478, -16
482, -17
485, -18
490, -18
492, -16
492, -11
482, 7
474, 24
466, 55
466, 61
464, 73
464, 80
464, 87
464, 89
465, 91
466, 94
467, 96
466, 99
466, 100
465, 101
465, 101
465, 101
465, 101
472, 94
517, 52
533, 32
547, 16
548, 15
548, 15
547, 16
547, 19
546, 22
544, 23
538, 28
526, 37
491, 66
476, 77
450, 107
409, 158
388, 179
350, 224
340, 237
320, 265
313, 278
305, 297
304, 305
304, 309
304, 310
304, 310
304, 310
304, 310
304, 310
304, 310
304, 310
304, 310
304, 310
304, 310
304, 310
304, 310
304, 310
304, 310
304, 310
304, 310
304, 310
304, 310
304, 310
303, 310
302, 310
301, 310
300, 310
299, 310
299, 311
299, 312
298, 312
298, 313
298, 313
297, 313
297, 313
297, 313
297, 313
297, 312
299, 297
303, 282
318, 232
331, 198
337, 178
338, 177
338, 176
338, 175
338, 175
338, 175
339, 175
339, 175
337, 176
334, 176
316, 176
265, 168
245, 162
187, 133
172, 124
131, 99
112, 88
81, 63
75, 59
65, 49
62, 46
59, 42
59, 41
59, 37
59, 36
61, 34
62, 33
63, 33
66, 34
68, 34
74, 37
79, 39
100, 48
105, 49
114, 54
116, 56
120, 59
121, 60
127, 66
139, 74
201, 96
228, 108
315, 152
406, 208
447, 239
509, 303
542, 343
578, 396
587, 412
609, 446
613, 453
621, 467
622, 470
622, 471
622, 471
620, 468
617, 466
614, 463
611, 459
607, 451
583, 398
574, 375
547, 319
534, 297
509, 261
490, 241
457, 212
448, 200
432, 166
429, 152
429, 152
429, 152
429, 152
429, 152
429, 152
429, 152
429, 152
429, 152
429, 152
429, 152
429, 152
429, 152
429, 152
429, 152
429, 152
428, 152
422, 151
377, 135
344, 116
299, 86
273, 59
258, 31
249, 15
246, 12
243, 7
242, 6
239, 4
237, 3
233, 2
229, 2
212, 7
206, 8
191, 13
186, 16
171, 27
145, 51
142, 55
139, 64
141, 68
152, 75
165, 83
191, 101
224, 116
289, 136
339, 159
400, 201
463, 266
478, 285
518, 343
526, 357
544, 393
550, 407
555, 415
557, 417
558, 417
558, 417
557, 417
557, 417
555, 416
554, 415
554, 415
554, 415
554, 415
554, 415
554, 415
553, 415
551, 413
550, 412
548, 403
538, 374
531, 361
509, 325
497, 308
481, 288
477, 276
466, 239
460, 222
456, 214
452, 207
449, 202
445, 197
432, 178
427, 170
413, 136
410, 112
412, 86
413, 79
413, 76
413, 76
414, 75
415, 75
425, 73
431, 73
443, 72
459, 71
460, 71
462, 71
462, 71
463, 71
472, 69
479, 68
493, 62
497, 60
499, 59
499, 59
499, 58
498, 58
484, 70
470, 83
434, 126
418, 159
411, 209
412, 278
415, 324
419, 388
421, 413
421, 451
421, 473
421, 488
421, 491
421, 492
421, 492
421, 493
421, 493
422, 491
423, 489
423, 487
425, 481
426, 477
431, 455
434, 433
436, 407
439, 346
439, 316
439, 239
435, 217
426, 193
418, 180
397, 161
386, 153
364, 138
322, 114
310, 104
287, 85
279, 77
272, 72
257, 66
244, 66
219, 68
215, 69
211, 70
210, 70
208, 69
208, 69
208, 69
208, 69
207, 69
207, 68
206, 68
205, 66
205, 66
205, 65
205, 64
207, 64
211, 64
224, 70
242, 82
284, 142
284, 142
315, 208
337, 255
366, 312
388, 353
414, 408
425, 448
430, 473
431, 491
431, 494
431, 496
431, 496
431, 496
431, 495
431, 493
431, 488
431, 481
431, 447
429, 413
427, 357
424, 312
420, 259
418, 233
416, 208
411, 169
410, 159
410, 134
410, 133
410, 133
410, 133
410, 133
410, 133
410, 133
410, 133
410, 133
410, 133
410, 133
410, 133
410, 133
410, 133
410, 133
410, 133
411, 133
411, 133
411, 133
409, 132
393, 126
347, 113
330, 108
275, 95
248, 87
220, 78
166, 56
139, 45
97, 29
75, 18
72, 17
69, 13
68, 12
66, 9
66, 8
65, 6
65, 5
66, 6
68, 9
72, 15
88, 34
102, 49
142, 87
171, 117
186, 134
227, 182
271, 227
307, 279
314, 294
323, 315
337, 350
342, 359
346, 365
349, 371
355, 378
356, 379
357, 380
357, 380
357, 380
357, 380
357, 380
357, 380
357, 379
355, 373
355, 371
352, 366
347, 352
342, 336
335, 296
333, 280
331, 260
325, 230
322, 219
318, 178
317, 159
317, 142
317, 125
317, 124
317, 122
321, 115
333, 106
384, 81
413, 71
442, 62
479, 57
494, 57
534, 55
543, 55
544, 55
547, 56
547, 56
547, 56
547, 56
547, 56
547, 55
547, 55
550, 52
554, 48
555, 47
561, 39
572, 30
589, 12
589, 11
588, 11
573, 23
557, 39
538, 69
526, 84
472, 145
455, 164
407, 215
384, 239
336, 283
317, 303
292, 338
278, 361
275, 367
273, 372
272, 374
271, 376
271, 376
271, 376
271, 376
271, 376
271, 376
272, 376
287, 348
293, 338
310, 302
313, 293
326, 263
331, 248
339, 217
345, 167
343, 152
326, 115
319, 106
312, 100
303, 90
299, 85
289, 74
281, 66
271, 60
268, 58
261, 53
259, 52
254, 49
249, 44
247, 41
243, 36
242, 34
241, 33
241, 32
241, 32
241, 32
247, 33
261, 42
301, 73
323, 96
376, 163
421, 222
452, 267
482, 316
502, 349
529, 387
539, 399
564, 429
566, 432
569, 434
570, 435
570, 433
566, 428
556, 413
548, 382
545, 349
544, 314
547, 249
556, 184
565, 153
570, 129
572, 121
574, 114
574, 110
576, 101
576, 97
577, 95
576, 95
576, 95
576, 95
576, 94
574, 94
570, 93
565, 93
544, 93
539, 93
535, 92
531, 91
530, 90
530, 90
529, 90
529, 90
523, 96
468, 159
432, 205
397, 273
384, 302
362, 347
348, 371
318, 414
312, 422
294, 446
288, 455
285, 458
285, 459
285, 459
285, 459
285, 459
284, 458
284, 457
284, 454
285, 452
290, 444
294, 439
316, 413
346, 374
360, 356
371, 335
374, 328
385, 302
389, 289
410, 245
431, 213
458, 180
484, 148
497, 132
518, 111
534, 97
548, 87
573, 68
578, 64
579, 63
579, 63
579, 63
579, 63
579, 63
579, 62
579, 61
579, 59
579, 59
577, 58
571, 57
565, 56
560, 54
557, 54
555, 52
554, 52
550, 53
543, 59
515, 93
505, 110
480, 165
469, 206
460, 249
443, 333
438, 356
424, 412
419, 437
412, 463
409, 476
409, 484
409, 485
408, 486
408, 486
409, 486
410, 482
415, 464
419, 446
421, 430
422, 420
423, 394
423, 379
425, 331
430, 276
435, 241
442, 202
448, 176
454, 151
455, 146
458, 141
458, 141
458, 141
458, 141
458, 141
458, 141
458, 141
458, 141
458, 141
458, 141
458, 141
458, 141
456, 142
456, 142
453, 142
444, 139
437, 135
423, 125
418, 119
411, 108
410, 103
407, 99
406, 98
399, 94
380, 88
371, 86
353, 81
349, 80
341, 79
337, 78
331, 77
330, 77
329, 77
329, 77
329, 77
334, 76
345, 75
374, 72
398, 67
415, 64
454, 53
470, 46
481, 40
483, 39
483, 39
482, 38
481, 37
474, 33
471, 32
463, 31
460, 31
453, 31
447, 31
436, 32
427, 32
420, 33
417, 33
416, 33
412, 33
411, 32
410, 32
409, 32
409, 32
409, 32
408, 32
408, 32
408, 32
404, 50
403, 73
421, 119
431, 139
451, 178
477, 232
497, 268
523, 307
552, 353
565, 383
567, 389
571, 400
572, 402
573, 404
573, 404
573, 404
573, 403
572, 401
568, 394
565, 390
553, 371
541, 347
524, 293
515, 232
512, 205
507, 157
504, 131
500, 99
499, 93
499, 92
498, 92
496, 92
495, 92
495, 92
495, 92
495, 92
495, 92
495, 92
495, 92
495, 92
495, 92
495, 92
495, 92
495, 92
495, 92
494, 92
492, 92
484, 92
475, 91
466, 90
464, 90
461, 89
459, 88
455, 86
451, 83
445, 81
442, 80
439, 79
438, 78
434, 77
418, 72
411, 71
395, 68
354, 66
307, 66
297, 66
271, 64
256, 61
242, 57
231, 52
223, 46
221, 45
220, 43
219, 42
219, 41
219, 41
219, 40
219, 39
219, 39
219, 39
219, 39
219, 39
217, 44
189, 96
163, 137
127, 195
110, 228
87, 295
82, 320
80, 355
80, 368
83, 398
91, 417
93, 421
95, 422
95, 422
96, 422
97, 421
100, 417
106, 408
125, 377
139, 357
156, 331
180, 295
192, 281
228, 243
242, 231
265, 207
269, 202
270, 200
270, 199
270, 199
272, 197
273, 195
275, 191
275, 190
275, 189
275, 189
276, 188
280, 183
284, 180
307, 158
334, 134
369, 103
392, 79
408, 60
410, 59
413, 56
417, 52
419, 49
420, 49
421, 48
421, 48
421, 48
421, 48
422, 48
422, 48
424, 51
424, 53
425, 57
425, 58
425, 58
425, 58
425, 58
425, 58
425, 58
425, 58
424, 58
424, 58
424, 58
424, 58
424, 58
424, 58
424, 58
424, 58
423, 59
423, 59
422, 61
419, 64
418, 66
418, 66
417, 66
417, 66
417, 66
417, 66
417, 66
417, 66
416, 66
416, 66
413, 64
405, 54
400, 51
387, 41
376, 36
373, 34
368, 30
368, 29
367, 29
367, 29
367, 28
367, 28
366, 29
360, 47
356, 55
354, 61
350, 69
335, 98
329, 112
310, 158
298, 192
278, 240
265, 269
248, 307
235, 344
231, 373
231, 387
235, 396
235, 398
240, 403
241, 403
242, 404
243, 404
245, 404
246, 403
248, 400
255, 389
261, 373
281, 321
289, 294
300, 259
305, 249
320, 216
329, 196
332, 188
333, 187
333, 187
333, 186
332, 186
332, 186
332, 186
332, 186
333, 187
333, 193
333, 193
333, 193
333, 193
333, 193
333, 193
333, 193
333, 193
333, 193
333, 193
333, 193
333, 193
334, 192
339, 186
348, 176
370, 139
385, 109
398, 76
409, 46
411, 33
412, 28
412, 27
412, 27
412, 27
412, 27
412, 28
411, 28
410, 29
411, 37
418, 53
455, 105
470, 128
515, 193
543, 233
589, 291
602, 309
634, 364
640, 376
649, 401
651, 403
652, 407
652, 407
651, 407
647, 405
645, 403
641, 396
638, 384
618, 328
610, 310
581, 266
560, 240
540, 213
528, 197
509, 164
507, 159
505, 158
504, 157
503, 156
503, 156
503, 157
502, 157
501, 157
494, 157
486, 157
460, 153
451, 151
424, 138
393, 116
379, 102
359, 76
354, 69
354, 69
353, 68
353, 67
350, 67
339, 70
305, 78
282, 83
247, 84
240, 82
235, 79
218, 70
210, 65
181, 47
167, 37
146, 28
126, 26
69, 31
57, 31
44, 28
42, 27
42, 26
42, 26
42, 26
43, 26
48, 31
68, 43
87, 51
102, 58
142, 82
175, 96
257, 129
317, 155
346, 173
423, 222
498, 276
514, 291
551, 331
568, 352
579, 373
580, 377
582, 388
582, 390
582, 392
583, 392
583, 392
583, 392
583, 392
582, 376
578, 361
569, 333
560, 319
551, 309
547, 305
541, 299
533, 283
527, 264
512, 223
511, 221
509, 218
508, 215
507, 211
492, 193
481, 184
450, 167
393, 146
340, 132
296, 114
254, 96
214, 73
199, 61
185, 50
183, 48
179, 48
158, 52
150, 55
134, 62
129, 65
120, 70
119, 71
117, 72
116, 72
116, 72
116, 72
116, 72
116, 72
115, 73
115, 73
114, 73
114, 73
114, 73
113, 73
112, 73
109, 76
107, 77
104, 78
99, 82
95, 85
88, 91
86, 92
86, 93
85, 94
85, 94
88, 93
102, 82
145, 57
169, 47
203, 44
234, 47
262, 67
286, 121
289, 143
299, 209
307, 239
334, 303
341, 320
359, 372
362, 387
367, 421
368, 433
367, 443
365, 444
360, 451
359, 452
359, 453
359, 452
356, 452
356, 452
356, 452
356, 452
356, 452
356, 452
356, 452
356, 452
356, 452
356, 452
356, 452
356, 452
356, 452
356, 452
356, 452
356, 452
356, 452
356, 452
352, 451
330, 426
282, 348
230, 271
215, 249
192, 215
171, 182
167, 177
158, 165
154, 159
145, 152
143, 151
138, 149
134, 147
132, 144
129, 138
127, 130
122, 111
119, 102
111, 84
106, 74
97, 56
90, 43
77, 21
75, 18
70, 14
68, 12
68, 12
66, 13
60, 24
53, 49
53, 66
74, 116
83, 138
92, 163
109, 227
115, 247
125, 283
139, 323
147, 344
161, 377
163, 382
168, 392
172, 400
174, 403
179, 410
181, 414
185, 421
186, 424
190, 431
191, 433
192, 434
193, 435
193, 435
193, 435
193, 435
194, 429
194, 422
195, 390
197, 366
206, 313
209, 298
214, 275
218, 259
222, 246
243, 198
251, 182
252, 180
253, 178
253, 177
254, 174
255, 173
258, 166
262, 158
271, 136
279, 114
286, 93
286, 91
286, 89
286, 89
286, 89
285, 88
285, 88
285, 88
285, 89
284, 89
284, 89
283, 89
282, 89
269, 88
257, 87
255, 87
230, 107
216, 123
159, 200
143, 228
108, 307
98, 341
85, 397
81, 438
81, 453
81, 465
81, 466
81, 467
81, 467
82, 466
84, 459
91, 441
113, 413
146, 380
257, 286
328, 233
421, 172
485, 136
560, 101
577, 92
621, 74
631, 71
661, 57
669, 53
673, 51
674, 50
674, 50
675, 50
674, 49
674, 49
674, 49
673, 49
665, 48
654, 47
643, 46
637, 47
629, 49
629, 49
617, 54
614, 56
611, 57
597, 68
585, 78
560, 100
555, 104
545, 116
537, 128
515, 154
494, 174
468, 203
447, 230
421, 271
411, 286
381, 334
365, 367
360, 387
359, 416
362, 425
368, 438
372, 447
380, 459
382, 463
382, 463
383, 464
383, 464
384, 463
385, 461
387, 451
387, 431
386, 408
372, 354
356, 321
315, 275
299, 261
285, 249
267, 229
259, 219
243, 198
236, 191
233, 187
231, 186
230, 185
229, 184
229, 183
229, 182
235, 172
241, 164
260, 140
284, 110
285, 107
286, 105
286, 104
286, 104
287, 104
287, 109
287, 120
292, 140
298, 161
314, 196
326, 219
356, 276
363, 293
382, 342
395, 383
400, 402
407, 428
411, 438
413, 445
413, 446
414, 447
414, 447
414, 443
411, 426
397, 392
388, 382
350, 353
302, 317
272, 289
237, 248
209, 217
177, 181
170, 172
152, 155
147, 151
126, 146
112, 144
97, 144
89, 145
86, 145
84, 145
84, 144
84, 144
84, 144
84, 144
84, 144
84, 143
85, 143
85, 143
90, 143
96, 143
109, 143
117, 144
127, 146
131, 149
144, 158
156, 167
190, 182
217, 198
233, 213
270, 272
283, 286
321, 334
330, 349
352, 392
364, 418
370, 428
379, 442
385, 451
387, 456
389, 458
389, 458
389, 457
388, 446
389, 429
417, 338
437, 297
458, 252
471, 215
478, 185
485, 158
488, 143
489, 135
490, 134
490, 134
490, 134
494, 131
511, 122
525, 116
538, 112
538, 112
539, 112
539, 112
539, 112
539, 112
539, 112
539, 112
539, 112
539, 112
525, 123
484, 162
451, 194
373, 253
330, 281
247, 325
200, 348
113, 396
99, 407
75, 429
67, 442
66, 446
66, 446
65, 447
65, 447
65, 447
64, 447
64, 447
64, 447
64, 447
62, 446
61, 444
61, 430
65, 411
83, 361
88, 344
107, 293
131, 229
137, 212
146, 171
146, 156
141, 142
139, 140
135, 134
133, 132
131, 129
129, 128
128, 127
127, 125
127, 124
127, 122
127, 122
127, 122
133, 122
150, 126
202, 144
228, 156
307, 191
377, 232
432, 266
496, 311
543, 346
585, 381
602, 400
626, 430
628, 433
632, 439
632, 440
632, 440
630, 436
609, 411
569, 374
540, 351
480, 305
448, 281
387, 235
349, 208
277, 183
245, 175
189, 167
159, 162
135, 156
102, 139
97, 135
89, 130
87, 129
83, 127
80, 124
77, 122
75, 119
73, 115
72, 114
72, 112
72, 110
72, 106
72, 103
72, 99
72, 98
72, 96
73, 96
76, 94
79, 94
90, 97
108, 116
121, 132
154, 175
182, 208
226, 263
253, 304
282, 340
312, 376
350, 419
359, 431
380, 460
383, 465
387, 473
388, 476
388, 477
388, 477
389, 477
389, 477
402, 463
415, 447
419, 439
420, 435
421, 432
427, 418
434, 404
459, 358
479, 323
520, 275
553, 240
594, 194
627, 154
638, 139
649, 123
650, 121
651, 120
651, 119
651, 119
651, 119
650, 117
650, 116
650, 116
649, 116
638, 116
620, 117
612, 118
608, 118
608, 118
607, 118
606, 118
606, 118
603, 120
592, 132
563, 173
544, 221
534, 258
523, 293
512, 330
485, 386
469, 412
448, 446
438, 463
429, 480
428, 482
427, 483
427, 483
427, 483
427, 468
427, 458
427, 418
427, 387
426, 338
424, 319
416, 268
410, 244
392, 199
377, 174
346, 142
331, 133
301, 119
279, 111
259, 104
240, 99
234, 96
228, 96
226, 96
223, 96
222, 96
219, 96
218, 95
218, 95
218, 95
219, 95
219, 96
220, 97
220, 98
222, 99
226, 101
239, 109
253, 118
267, 127
287, 152
293, 160
304, 181
306, 187
308, 198
308, 203
308, 205
308, 205
308, 205
307, 204
299, 195
266, 170
236, 155
230, 152
187, 116
185, 109
187, 91
187, 88
187, 82
187, 82
187, 82
187, 85
188, 90
199, 108
208, 119
251, 162
288, 209
299, 225
324, 274
340, 309
359, 349
370, 373
391, 415
396, 427
407, 450
410, 457
411, 459
411, 460
411, 460
410, 456
393, 405
385, 384
349, 291
349, 291
320, 204
311, 166
304, 126
299, 103
296, 96
286, 74
283, 68
274, 58
268, 51
267, 50
265, 49
265, 49
264, 52
264, 57
268, 69
281, 83
298, 101
339, 160
362, 194
407, 250
423, 271
451, 311
486, 358
512, 393
539, 435
545, 444
557, 459
563, 464
564, 465
564, 465
565, 462
565, 458
565, 447
556, 404
548, 367
536, 298
533, 262
531, 205
533, 188
541, 144
547, 121
555, 89
555, 81
556, 78
556, 77
556, 77
556, 76
556, 76
556, 76
556, 76
556, 76
542, 86
527, 98
483, 142
470, 162
429, 233
419, 255
405, 285
379, 353
372, 370
358, 412
355, 437
355, 441
355, 448
355, 449
356, 451
356, 451
367, 438
381, 417
410, 362
424, 326
458, 234
483, 185
511, 140
541, 92
559, 62
572, 42
575, 38
578, 33
578, 32
578, 32
578, 32
578, 32
578, 32
578, 32
578, 32
578, 32
578, 32
578, 32
578, 32
579, 32
576, 34
531, 66
482, 93
448, 110
318, 169
278, 188
178, 243
135, 270
60, 327
46, 341
11, 377
-11, 400
-15, 404
-23, 414
-24, 416
-25, 418
-24, 418
-21, 417
-5, 409
20, 395
45, 375
91, 331
111, 313
162, 261
227, 199
247, 181
306, 130
347, 97
401, 58
411, 49
419, 41
421, 37
422, 34
422, 31
422, 30
421, 28
420, 28
411, 27
395, 28
379, 31
335, 40
315, 45
281, 52
262, 54
246, 55
243, 54
241, 53
239, 52
238, 52
238, 51
239, 51
241, 50
243, 50
251, 48
259, 46
272, 44
279, 43
281, 43
284, 44
286, 46
287, 48
288, 51
289, 60
290, 66
291, 80
292, 116
295, 158
297, 181
306, 229
309, 244
332, 311
343, 335
359, 366
376, 399
385, 418
398, 446
403, 459
407, 469
407, 471
408, 473
408, 474
408, 474
407, 470
399, 440
381, 388
371, 372
333, 321
322, 307
290, 261
272, 226
251, 182
235, 148
214, 112
209, 103
198, 74
196, 57
196, 54
197, 51
197, 50
197, 50
197, 50
198, 50
201, 49
205, 49
206, 49
208, 49
208, 49
209, 49
210, 49
211, 50
213, 53
213, 53
213, 57
209, 66
185, 95
166, 117
123, 177
115, 197
103, 226
82, 293
71, 364
71, 364
67, 416
67, 427
67, 444
67, 445
67, 447
67, 448
67, 448
72, 439
82, 420
99, 381
102, 368
115, 331
124, 305
141, 270
155, 244
193, 185
207, 162
232, 128
251, 107
283, 86
305, 77
305, 77
305, 77
305, 77
305, 77
305, 77
305, 77
305, 77
305, 77
305, 77
305, 77
305, 77
342, 61
377, 46
399, 37
412, 32
415, 31
416, 30
417, 30
418, 29
419, 29
419, 29
419, 29
419, 29
419, 29
419, 29
419, 29
419, 29
419, 29
419, 30
419, 34
398, 63
380, 80
323, 134
283, 173
231, 220
204, 246
167, 289
157, 308
151, 321
144, 335
142, 339
140, 344
139, 346
139, 346
139, 346
139, 337
140, 320
144, 291
146, 286
148, 273
149, 265
155, 234
160, 186
162, 150
158, 111
158, 111
143, 69
137, 60
126, 51
115, 43
108, 39
102, 35
99, 33
97, 32
92, 29
91, 28
87, 26
84, 26
83, 26
81, 26
80, 26
77, 27
74, 30
72, 32
68, 36
67, 37
65, 40
65, 42
65, 42
66, 44
68, 45
72, 46
83, 51
96, 57
114, 77
129, 93
173, 132
193, 151
219, 189
244, 242
253, 256
283, 289
295, 298
330, 325
334, 330
341, 338
347, 345
353, 354
355, 357
358, 360
362, 362
365, 364
371, 366
375, 367
376, 365
377, 363
386, 347
398, 324
429, 272
442, 255
452, 242
487, 202
506, 182
546, 134
572, 100
575, 96
580, 88
581, 87
585, 85
586, 83
590, 79
591, 78
593, 76
594, 74
595, 74
595, 73
595, 73
595, 73
595, 73
598, 72
599, 71
601, 69
601, 68
601, 68
601, 68
601, 68
588, 72
549, 87
476, 121
434, 141
377, 172
332, 194
308, 206
215, 254
156, 286
103, 317
57, 348
32, 364
20, 373
17, 375
16, 376
16, 376
15, 376
15, 376
16, 376
19, 372
46, 340
59, 325
91, 284
107, 249
113, 234
117, 219
121, 204
129, 166
131, 157
132, 138
133, 131
134, 123
140, 109
145, 104
151, 98
153, 97
158, 94
160, 92
165, 90
165, 90
168, 89
172, 89
173, 89
175, 89
179, 90
181, 91
185, 92
191, 93
194, 94
201, 96
204, 97
209, 99
210, 100
213, 103
214, 103
215, 104
216, 106
216, 107
217, 107
217, 107
217, 107
217, 107
217, 107
217, 107
217, 107
217, 107
219, 112
223, 117
243, 138
261, 152
304, 190
325, 211
376, 254
411, 283
447, 316
472, 340
494, 363
521, 391
527, 398
531, 402
534, 409
536, 414
539, 418
539, 419
539, 419
539, 419
539, 419
539, 419
537, 417
536, 414
517, 378
506, 364
485, 338
455, 296
436, 262
423, 242
397, 199
383, 174
378, 162
375, 159
374, 158
373, 157
372, 156
367, 154
365, 152
364, 150
360, 141
358, 136
357, 136
357, 136
357, 136
356, 140
346, 181
340, 199
321, 235
284, 273
253, 298
181, 333
150, 343
63, 376
16, 398
-11, 417
-16, 422
-23, 433
-25, 437
-26, 444
-26, 446
-26, 446
-26, 446
-21, 442
47, 384
75, 362
161, 298
214, 262
250, 241
319, 202
406, 156
483, 120
509, 109
547, 99
555, 97
565, 95
571, 94
573, 93
573, 92
573, 92
572, 92
569, 95
565, 99
556, 109
555, 115
553, 132
550, 143
542, 175
539, 183
536, 203
539, 217
539, 223
540, 228
541, 231
546, 244
550, 252
553, 262
553, 266
555, 276
558, 297
559, 312
560, 316
563, 316
565, 313
568, 298
570, 273
570, 225
570, 200
571, 157
571, 149
571, 143
571, 142
571, 142
571, 142
571, 142
564, 163
562, 177
559, 218
558, 267
558, 285
557, 339
557, 354
562, 394
564, 411
565, 424
566, 427
566, 432
566, 432
565, 431
552, 422
535, 408
515, 386
509, 377
504, 369
489, 345
466, 322
418, 296
379, 277
311, 252
289, 244
223, 221
147, 196
128, 194
87, 191
73, 191
69, 192
68, 192
66, 193
64, 194
61, 195
60, 196
60, 196
60, 195
60, 195
60, 195
66, 195
87, 194
137, 197
217, 207
242, 215
277, 237
303, 259
335, 293
343, 305
359, 337
365, 354
369, 370
372, 382
376, 396
378, 403
378, 404
380, 406
380, 407
380, 407
379, 407
377, 406
343, 387
320, 373
288, 343
276, 322
266, 303
230, 260
200, 241
164, 226
147, 217
122, 203
106, 198
99, 197
92, 197
88, 198
87, 198
84, 198
81, 198
77, 196
76, 196
75, 195
75, 194
74, 194
72, 192
72, 192
71, 191
70, 190
69, 189
66, 186
66, 186
65, 184
64, 183
64, 182
64, 181
64, 180
70, 178
75, 178
81, 178
110, 180
133, 184
177, 198
205, 209
243, 221
286, 245
305, 267
322, 294
332, 312
352, 346
357, 355
370, 381
379, 397
395, 429
399, 437
400, 444
401, 448
401, 450
401, 452
401, 452
401, 452
401, 452
401, 452
401, 451
401, 451
401, 447
400, 445
400, 440
399, 429
398, 417
397, 389
397, 364
402, 326
404, 318
410, 302
414, 286
417, 275
418, 271
418, 271
419, 270
419, 270
419, 269
419, 269
419, 269
419, 268
420, 266
421, 262
421, 259
421, 258
420, 258
416, 260
401, 268
345, 301
322, 324
283, 369
272, 386
250, 414
231, 457
229, 469
232, 479
236, 486
241, 491
247, 496
252, 500
254, 501
255, 502
256, 501
257, 500
266, 483
303, 426
329, 391
380, 324
416, 286
462, 250
494, 225
526, 199
532, 196
541, 191
542, 190
543, 190
542, 190
542, 190
542, 190
542, 190
541, 190
541, 190
541, 190
526, 201
502, 219
450, 251
375, 297
304, 339
271, 366
245, 392
230, 405
212, 421
206, 426
203, 428
203, 429
202, 429
202, 429
203, 429
220, 422
229, 416
264, 380
280, 359
313, 317
344, 264
360, 231
365, 204
365, 197
365, 174
363, 166
362, 165
361, 164
360, 164
355, 164
343, 166
320, 175
308, 181
297, 191
288, 201
264, 225
239, 246
199, 272
148, 307
117, 324
56, 359
31, 377
-14, 408
-33, 421
-62, 447
-71, 458
-77, 469
-78, 471
-78, 472
-78, 472
-68, 466
-5, 431
28, 409
124, 341
157, 318
251, 255
325, 204
366, 176
395, 154
408, 143
413, 137
415, 136
415, 135
415, 135
415, 135
415, 135
415, 135
415, 136
411, 145
411, 147
410, 149
409, 151
398, 163
374, 184
334, 212
297, 236
228, 273
187, 295
106, 340
52, 376
31, 393
16, 411
13, 416
9, 424
9, 425
8, 426
8, 427
8, 427
14, 420
20, 408
42, 360
58, 319
72, 283
98, 223
115, 179
128, 127
134, 97
137, 59
130, 43
125, 39
120, 37
117, 36
114, 34
113, 34
111, 33
111, 33
111, 33
111, 33
111, 33
111, 33
111, 34
130, 48
155, 68
185, 95
230, 134
274, 166
325, 217
353, 267
359, 283
375, 330
382, 357
398, 392
404, 401
423, 423
429, 431
434, 437
435, 441
435, 441
435, 441
435, 440
435, 434
432, 424
430, 417
430, 406
435, 378
444, 343
464, 279
471, 262
483, 227
486, 213
492, 189
494, 178
502, 142
506, 122
506, 121
506, 120
506, 120
505, 119
505, 119
504, 120
499, 126
497, 128
496, 128
496, 126
495, 120
494, 104
493, 95
493, 93
493, 93
491, 93
481, 104
432, 155
384, 213
355, 253
303, 315
280, 344
253, 392
239, 424
225, 465
222, 477
214, 503
213, 507
213, 507
212, 507
212, 507
213, 492
218, 479
230, 452
230, 452
259, 416
318, 344
333, 319
380, 196
380, 196
388, 112
388, 88
386, 53
384, 46
378, 26
377, 24
376, 21
376, 21
375, 20
375, 20
375, 20
372, 23
355, 43
319, 79
298, 103
290, 119
290, 119
268, 178
262, 199
256, 242
254, 273
255, 324
255, 340
257, 372
260, 409
261, 430
265, 474
265, 497
265, 502
265, 504
265, 508
265, 508
264, 497
262, 479
258, 424
257, 391
258, 333
262, 287
268, 252
280, 188
283, 162
283, 126
282, 123
277, 111
272, 103
271, 99
267, 93
267, 91
266, 90
266, 90
266, 90
266, 89
266, 89
266, 89
266, 89
266, 89
266, 89
266, 89
266, 89
266, 89
266, 88
266, 88
265, 88
265, 87
265, 87
274, 95
297, 114
364, 169
421, 219
470, 256
503, 283
568, 342
602, 382
606, 392
616, 412
620, 420
621, 422
621, 423
621, 423
621, 423
620, 423
617, 419
596, 398
566, 358
550, 323
529, 256
517, 233
473, 166
458, 152
416, 118
393, 104
339, 83
271, 70
247, 68
204, 65
166, 60
148, 57
119, 55
114, 54
105, 53
103, 53
100, 51
100, 50
100, 49
100, 49
100, 49
100, 48
99, 48
99, 48
99, 47
98, 47
98, 47
99, 48
121, 62
134, 72
171, 107
197, 138
219, 162
273, 215
288, 233
330, 284
368, 329
391, 357
418, 391
424, 400
436, 423
442, 436
445, 446
446, 447
446, 449
446, 449
446, 449
435, 394
430, 369
416, 316
410, 300
395, 254
384, 222
366, 169
362, 152
347, 114
340, 99
335, 88
333, 83
333, 82
334, 81
339, 78
349, 75
390, 64
427, 54
433, 52
449, 47
457, 46
462, 44
463, 44
464, 44
464, 44
464, 44
465, 44
466, 43
472, 40
474, 39
475, 46
476, 59
478, 76
484, 133
504, 223
514, 253
545, 336
562, 384
573, 434
579, 464
584, 492
584, 498
584, 501
584, 500
584, 497
581, 482
577, 450
563, 408
555, 391
527, 326
520, 302
504, 230
497, 194
479, 131
470, 106
449, 72
444, 68
437, 63
435, 62
433, 62
433, 62
433, 62
433, 62
432, 62
430, 61
429, 61
427, 60
427, 59
427, 59
426, 59
426, 59
426, 59
426, 58
426, 58
426, 58
426, 58
426, 58
426, 58
426, 58
426, 58
426, 58
426, 58
426, 58
426, 58
426, 58
426, 58
425, 58
411, 52
379, 41
297, 29
266, 28
183, 27
172, 27
155, 27
152, 26
146, 25
143, 25
141, 24
137, 24
135, 23
129, 23
122, 23
108, 25
97, 31
80, 43
76, 49
65, 66
58, 82
55, 88
52, 106
54, 116
74, 128
96, 130
170, 135
230, 140
335, 161
390, 177
491, 218
558, 265
578, 287
603, 324
615, 341
640, 370
651, 385
651, 399
651, 401
649, 402
648, 402
644, 402
642, 399
638, 395
622, 378
598, 347
571, 277
564, 250
559, 211
556, 139
557, 102
559, 65
560, 56
565, 31
572, 7
572, 5
572, 5
572, 4
572, 4
571, 6
566, 23
565, 29
570, 39
572, 44
582, 58
584, 63
589, 74
591, 77
594, 81
599, 84
602, 86
607, 89
608, 90
611, 91
611, 91
611, 91
610, 91
607, 90
598, 90
553, 99
505, 116
429, 153
373, 191
339, 221
313, 253
299, 276
287, 298
283, 309
283, 318
284, 322
286, 324
286, 324
286, 324
286, 324
286, 324
286, 324
286, 324
286, 324
286, 324
286, 324
285, 324
284, 325
284, 326
280, 351
274, 378
266, 408
260, 427
251, 457
249, 464
242, 489
239, 504
238, 508
237, 516
237, 519
237, 521
237, 521
237, 522
237, 522
237, 522
237, 522
237, 522
238, 522
238, 521
239, 519
242, 513
244, 498
250, 447
251, 405
246, 336
236, 303
201, 255
184, 240
109, 178
96, 168
60, 146
48, 139
45, 137
39, 134
38, 133
37, 132
37, 132
37, 131
37, 131
37, 131
38, 131
43, 130
71, 127
81, 126
115, 125
148, 124
198, 134
212, 144
241, 174
249, 186
273, 221
298, 266
303, 284
312, 322
319, 350
326, 378
329, 389
334, 411
336, 417
336, 419
336, 421
336, 421
336, 421
335, 411
333, 396
331, 368
332, 340
339, 292
348, 248
357, 198
357, 190
358, 173
358, 163
358, 152
356, 136
355, 133
353, 127
351, 125
344, 119
335, 114
303, 109
289, 108
243, 106
212, 104
155, 100
125, 94
86, 88
50, 81
46, 79
43, 78
43, 78
42, 77
42, 76
42, 76
42, 76
42, 75
49, 71
62, 65
78, 59
114, 43
126, 38
129, 37
130, 37
131, 37
133, 38
141, 46
153, 60
171, 78
199, 118
208, 135
227, 190
238, 229
255, 288
264, 307
299, 363
324, 404
331, 414
347, 444
352, 454
355, 461
356, 465
